ORDER	Wavelength (nm)	X0	Y0	X1	Y1	X2	Y2	Sampling (pixels)	R
68	1796.843938	-30.678556	28.220041	-30.907128	26.956841	-30.480534	29.48518	3.330529	99952
68	1794.220808	-23.388912	27.486863	-23.584826	26.210161	-23.221316	28.764083	3.088126	103949
68	1791.597678	-16.599336	26.957649	-16.765732	25.671122	-16.459634	28.243887	2.890701	103669
68	1788.974548	-10.225997	26.59228	-10.365493	25.299241	-10.111833	27.884508	2.723884	103404
68	1786.351418	-4.209605	26.362529	-4.324198	25.065634	-4.11907	27.658175	2.579402	103142
68	1783.728288	1.494039	26.247342	1.402693	24.948686	1.562519	27.544316	2.451881	102880
68	1781.105159	6.919094	26.230552	6.849478	24.931868	6.966894	27.52711	2.337661	102618
68	1778.482029	12.092806	26.299441	12.043528	25.002261	12.121145	27.59407	2.234184	102353
68	1775.858899	17.037481	26.443739	17.007333	25.149448	17.047421	27.735106	2.139582	102086
68	1773.235769	21.771733	26.654947	21.759685	25.364762	21.764225	27.941945	2.052445	101816
68	1770.612639	26.311399	26.92599	26.316496	25.64088	26.287391	28.207807	1.971724	103607
69	1770.612639	-29.864414	23.756974	-30.088423	22.484824	-29.670707	25.031223	3.319453	100025
69	1768.064995	-22.698344	23.044551	-22.890824	21.75923	-22.534224	24.330864	3.083272	103913
69	1765.517351	-16.014551	22.531238	-16.178741	21.236633	-15.877205	23.826103	2.889428	103644
69	1762.969707	-9.734172	22.179124	-9.872464	20.878418	-9.621351	23.479502	2.725133	103384
69	1760.422063	-3.800576	21.960828	-3.914725	20.656498	-3.710572	23.264306	2.582565	103126
69	1757.874419	1.82859	21.855761	1.737058	20.549774	1.89722	23.16043	2.456505	102867
69	1755.326775	7.186104	21.848127	7.115698	20.542128	7.234699	23.152391	2.343415	102608
69	1752.779131	12.298234	21.925532	12.247533	20.620974	12.328032	23.22798	2.240858	102347
69	1750.231487	17.186627	22.077957	17.154384	20.776161	17.1987	23.377304	2.147054	102084
69	1747.683842	21.869412	22.297047	21.854605	20.999202	21.864662	23.592155	2.060622	101818
69	1745.136198	26.361947	22.57572	26.363709	21.282844	26.341188	23.865658	1.980475	103591
70	1745.136198	-29.065204	19.421307	-29.284836	18.141724	-28.875819	20.703354	3.308242	100084
70	1742.660828	-22.020506	18.729418	-22.209901	17.437236	-21.859554	20.023018	3.077491	103883
70	1740.185457	-15.441607	18.232306	-15.603847	16.931272	-15.306291	19.533905	2.887126	103622
70	1737.710087	-9.253671	17.893625	-9.39088	16.586706	-9.141975	19.200358	2.725417	103366
70	1735.234716	-3.402527	17.686751	-3.516277	16.376309	-3.312953	18.996377	2.584816	103110
70	1732.759346	2.152328	17.591615	2.060598	16.279589	2.221116	18.902336	2.460235	102854
70	1730.283975	7.442279	17.592826	7.371102	16.28086	7.491601	18.903128	2.348275	102598
70	1727.808605	12.492621	17.678313	12.440563	16.367833	12.52374	18.986855	2.246633	102341
70	1725.333234	17.324363	17.838308	17.29016	16.530572	17.338384	19.143873	2.153635	102082
70	1722.857864	21.955211	18.064638	21.937834	16.760763	21.953038	19.366131	2.067943	101820
70	1720.382493	26.400159	18.35031	26.39877	17.051269	26.382544	19.646784	1.988456	103572
71	1720.382493	-28.281048	15.211177	-28.49663	13.925707	-28.095715	16.499465	3.296528	100136
71	1717.976364	-21.355884	14.539947	-21.542454	13.242401	-21.197765	15.839186	3.070823	103857
71	1715.570235	-14.880819	14.059168	-15.041205	12.753018	-14.747313	15.366002	2.883946	103601
71	1713.164105	-8.78456	13.73385	-8.920691	12.42188	-8.673888	15.04562	2.724863	103347
71	1710.757976	-3.015344	13.538209	-3.128696	12.222743	-2.926158	14.852776	2.586237	103094
71	1708.351847	2.465504	13.452774	2.373537	12.135795	2.534472	14.768365	2.46313	102842
71	1705.945717	7.68801	13.462571	7.615997	12.145773	7.738059	14.777674	2.352296	102589
71	1703.539588	12.676522	13.555814	12.623067	12.240629	12.708919	14.869117	2.251572	102336
71	1701.133459	17.45143	13.722943	17.415293	12.41058	17.467295	15.033291	2.159387	102080
71	1698.727329	22.030037	13.955951	22.010198	12.647441	22.03028	15.262322	2.074453	101822
71	1696.3212	26.427025	14.247967	26.422654	12.944199	26.412378	15.549469	1.99567	103553
72	1696.3212	-27.51231	11.124742	-27.724145	9.834781	-27.3307	12.417793	3.284229	100184
72	1693.981446	-20.704815	10.474212	-20.888697	9.172589	-20.549305	11.777713	3.06341	103831
72	1691.641693	-14.332282	10.009655	-14.490811	8.69958	-14.200509	11.32052	2.880027	103579
72	1689.30194	-8.326763	9.697457	-8.461771	8.38159	-8.217109	11.013187	2.723554	103329
72	1686.962186	-2.638858	9.512783	-2.751807	8.193446	-2.550048	10.831272	2.586871	103079
72	1684.622433	2.76835	9.436812	2.676085	8.116046	2.837545	10.756252	2.465219	102830
72	1682.28268	7.923611	9.454974	7.850659	8.134521	7.974456	10.773817	2.355517	102582
72	1679.942926	12.850379	9.55572	12.79543	8.23702	12.884105	10.872654	2.255731	102332
72	1677.603173	17.568441	9.729641	17.530327	8.413862	17.586142	11.04356	2.164376	102080
72	1675.263419	22.094689	9.968861	22.072428	8.656957	22.097263	11.278825	2.080216	101825
72	1672.923666	26.443496	10.266631	26.436264	8.959409	26.431671	11.571828	2.002157	103535
73	1672.923666	-26.759309	7.159908	-26.967624	5.866696	-26.58115	8.456422	3.271418	100232
73	1670.647579	-20.067449	6.529948	-20.248712	5.225445	-19.914436	7.836523	3.055401	103806
73	1668.371493	-13.795959	6.081371	-13.952609	4.768587	-13.665922	7.395159	2.875468	103558
73	1666.095406	-7.88014	5.782006	-8.014	4.463515	-7.771532	7.100616	2.721535	103310
73	1663.81932	-2.272883	5.608033	-2.385448	4.286148	-2.184439	6.929361	2.586739	103065
73	1661.543233	3.061088	5.541294	2.968458	4.218072	3.130577	6.863491	2.466529	102820
73	1659.267146	8.149363	5.5676	8.075382	4.244792	8.201107	6.889081	2.357979	102575
73	1656.99106	13.014577	5.675596	12.95805	4.354628	13.049729	6.995053	2.259166	102329
73	1654.714973	17.675925	5.855987	17.635789	4.537987	17.695511	7.172355	2.168674	102080
73	1652.438886	22.149865	6.100994	22.125201	4.786859	22.154746	7.413402	2.085305	101828
73	1650.1628	26.450437	6.403983	26.440433	5.094456	26.441334	7.711698	2.007979	103518
74	1650.1628	-26.022231	3.314321	-26.227209	2.018983	-25.847324	4.613144	3.258208	100278
74	1647.947816	-19.443816	2.704704	-19.622536	1.398478	-19.293241	4.01324	3.046902	103781
74	1645.732833	-13.271766	2.271859	-13.42657	0.957618	-13.143477	3.587437	2.870327	103536
74	1643.517849	-7.444553	1.985086	-7.577298	0.665328	-7.337001	3.305391	2.718837	103292
74	1641.302865	-1.917245	1.821588	-2.029471	0.498571	-1.829138	3.14453	2.585869	103051
74	1639.087882	3.343942	1.763849	3.250898	0.439582	3.413795	3.087572	2.467093	102810
74	1636.872898	8.365568	1.798038	8.290513	0.474227	8.4183	3.120959	2.35973	102570
74	1634.657914	13.169514	1.912978	13.111385	0.591002	13.206172	3.233806	2.261937	102327
74	1632.442931	17.774395	2.099471	17.732248	0.780416	17.795911	3.417181	2.172347	102081
74	1630.227947	22.196212	2.349823	22.169193	1.03455	22.20339	3.663601	2.089789	101832
74	1628.012964	26.448637	2.657507	26.435949	1.346728	26.442183	3.966678	2.013199	103501
75	1628.012964	-25.301159	-0.414563	-25.502973	-1.710995	-25.129344	0.885518	3.244696	100323
75	1625.856655	-18.83391	-1.004074	-19.01021	-2.310926	-18.685703	0.30534	3.03798	103756
75	1623.700346	-12.759646	-1.421373	-12.912709	-2.735865	-12.633067	-0.105172	2.864639	103515
75	1621.544038	-7.019899	-1.695717	-7.151621	-3.015444	-6.913364	-0.37497	2.715491	103275
75	1619.387729	-1.571778	-1.84893	-1.683727	-3.171736	-1.483958	-0.525672	2.584304	103038
75	1617.231421	3.617165	-1.897915	3.523685	-3.221901	3.687435	-0.573957	2.466969	102802
75	1615.075112	8.57257	-1.856162	8.496464	-3.179719	8.626335	-0.533038	2.360831	102565
75	1612.918804	13.31563	-1.734663	13.255957	-3.056482	13.353821	-0.41362	2.264109	102326
75	1610.762495	17.864392	-1.542511	17.820311	-2.861549	17.887835	-0.22453	2.175459	102083
75	1608.606187	22.234371	-1.287302	22.205091	-2.602717	22.243809	0.026837	2.093728	101836
75	1606.449878	26.438839	-0.975455	26.423572	-2.286537	26.434961	0.3342	2.017871	103486
76	1606.449878	-24.596115	-4.02943	-24.794949	-5.326021	-24.427232	-2.729057	3.230945	100366
76	1604.349943	-18.237731	-4.599046	-18.411786	-5.90554	-18.091775	-3.289781	3.028671	103732
76	1602.250009	-12.259574	-5.000916	-12.411065	-6.314606	-12.134603	-3.685212	2.858437	103494
76	1600.150074	-6.606103	-5.26294	-6.736932	-6.581529	-6.500497	-3.942948	2.711545	103259
76	1598.05014	-1.236312	-5.406038	-1.348048	-6.727513	-1.148718	-4.083696	2.582107	103026
76	1595.950206	3.881038	-5.446542	3.787136	-6.769152	3.95175	-4.12356	2.466227	102794
76	1593.850271	8.770766	-5.397599	8.693688	-6.71986	8.825552	-4.075423	2.361354	102560
76	1591.750337	13.453421	-5.269997	13.392324	-6.590683	13.493101	-3.949806	2.265743	102324
76	1589.650402	17.94649	-5.072689	17.900611	-6.390794	17.971796	-3.755424	2.178061	102084
76	1587.550468	22.264988	-4.813153	22.233574	-6.12784	22.276604	-3.499572	2.097167	101841
76	1585.450533	26.421759	-4.49769	26.40403	-5.80823	26.420364	-3.188427	2.022037	103472
77	1585.450533	-23.907087	-7.533085	-24.103133	-8.829013	-23.740962	-6.233294	3.21699	100407
77	1583.404791	-17.655286	-8.083001	-17.827296	-9.38831	-17.511415	-6.774805	3.019001	103709
77	1581.359048	-11.771546	-8.469531	-11.921655	-9.781584	-11.648028	-7.155305	2.851758	103475
77	1579.313305	-6.203092	-8.719329	-6.333167	-10.035945	-6.098293	-7.401118	2.70706	103244
77	1577.267563	-0.910664	-8.852492	-1.022241	-10.171813	-0.823234	-7.532102	2.579357	103015
77	1575.22182	4.135877	-8.884817	4.04159	-10.20525	4.207025	-7.563822	2.464947	102786
77	1573.176077	8.960589	-8.829097	8.88265	-10.149286	9.016332	-7.508831	2.361368	102556
77	1571.130335	13.583413	-8.695883	13.521041	-10.014683	13.624481	-7.377447	2.266895	102322
77	1569.084592	18.02128	-8.49395	17.973757	-9.810384	18.048331	-7.178246	2.180196	102085
77	1567.03885	22.288699	-8.230629	22.255289	-9.543851	22.30238	-6.918408	2.100138	101845
77	1564.993107	26.398079	-7.912086	26.377998	-9.221344	26.399061	-6.603994	2.025726	103458
78	1564.993107	-23.234033	-10.928444	-23.427471	-12.222992	-23.070481	-9.630003	3.202855	100447
78	1562.999485	-17.086569	-11.458876	-17.256728	-12.762334	-16.944592	-10.152523	3.008997	103687
78	1561.005863	-11.295543	-11.83018	-11.444448	-13.139978	-11.1733	-10.518216	2.844653	103457
78	1559.012242	-5.810772	-12.067876	-5.940214	-13.381943	-5.706653	-10.752231	2.702108	103230
78	1557.01862	-0.594623	-12.191316	-0.706078	-13.507936	-0.507306	-10.87365	2.576134	103004
78	1555.024998	4.382015	-12.215783	4.287392	-13.533505	4.453569	-10.897526	2.463209	102778
78	1553.031376	9.142484	-12.153709	9.063795	-13.471287	9.199088	-10.836077	2.360938	102551
78	1551.037754	13.70613	-12.01537	13.642624	-13.331723	13.748453	-10.699389	2.26761	102320
78	1549.044133	18.089338	-11.809327	18.040307	-13.123497	18.117996	-10.495869	2.181893	102085
78	1547.050511	22.306113	-11.542736	22.270819	-12.853867	22.321733	-10.232554	2.102664	101848
78	1545.056889	26.368434	-11.221621	26.346091	-12.528938	26.371688	-9.915378	2.028958	103445
79	1545.056889	-22.576869	-14.218515	-22.767848	-15.511054	-22.415709	-12.922086	3.188559	100485
79	1543.113421	-16.531535	-14.729738	-16.699995	-16.030796	-16.391263	-13.425849	2.998693	103665
79	1541.169953	-10.831501	-15.085994	-10.979338	-16.393074	-10.710363	-13.776874	2.837178	103440
79	1539.226486	-5.429009	-15.311772	-5.557906	-16.622896	-5.325456	-13.999239	2.696762	103216
79	1537.283018	-0.287955	-15.425737	-0.399309	-16.739298	-0.200715	-14.111316	2.572517	102994
79	1535.33955	4.619793	-15.44268	4.524878	-16.757332	4.691711	-14.127669	2.461079	102771
79	1533.396082	9.316879	-15.374656	9.237526	-16.689233	9.374243	-14.060166	2.360115	102546
79	1531.452614	13.822061	-15.23164	13.757521	-16.545103	13.865512	-13.918638	2.267923	102317
79	1529.509147	18.151191	-15.021951	18.100742	-16.333355	18.181328	-13.711285	2.183173	102086
79	1527.565679	22.317782	-14.752552	22.280675	-16.061032	22.335234	-13.444981	2.104759	101852
79	1525.622211	26.333404	-14.429317	26.308855	-15.734094	26.338842	-13.125523	2.03175	103433
80	1525.622211	-21.935456	-17.406364	-22.124087	-18.696321	-21.776535	-16.112517	3.174129	100522
80	1523.727028	-15.990076	-17.898733	-16.156938	-19.196906	-15.851355	-16.597805	2.988127	103645
80	1521.831845	-10.379297	-18.240207	-10.526148	-19.544174	-10.25913	-16.934355	2.829388	103424
80	1519.936663	-5.057625	-18.454319	-5.186025	-19.762173	-4.954552	-17.145268	2.691087	103204
80	1518.04148	0.009594	-18.559092	-0.101667	-19.8693	0.096779	-17.248255	2.568569	102984
80	1516.146297	4.849541	-18.56884	4.754358	-19.880118	4.921782	-17.257411	2.458611	102763
80	1514.251114	9.484163	-18.495232	9.40419	-19.80646	9.542207	-17.184247	2.358937	102541
80	1512.355931	13.931642	-18.347928	13.866111	-19.65809	13.976123	-17.038307	2.267859	102315
80	1510.460748	18.207302	-18.134987	18.155471	-19.443147	18.238829	-16.827566	2.184054	102086
80	1508.565565	22.324195	-17.863174	22.285301	-19.168473	22.343403	-16.558715	2.106438	101856
80	1506.670382	26.293505	-17.538215	26.266782	-18.839894	26.301069	-16.237408	2.034124	103422
81	1506.670382	-21.309601	-20.495074	-21.49596	-21.781907	-21.152802	-19.204322	3.159595	100557
81	1504.821707	-15.462021	-20.969022	-15.627334	-22.263831	-15.324742	-19.671485	2.977343	103626
81	1502.973032	-9.938744	-21.296061	-10.084643	-22.59651	-9.819459	-19.993825	2.821335	103408
81	1501.124356	-4.696397	-21.498822	-4.824319	-22.803056	-4.593751	-20.193536	2.685137	103191
81	1499.275681	0.298292	-21.594712	0.187118	-22.901236	0.385431	-20.287716	2.564336	102974
81	1497.427006	5.071567	-21.597579	4.976118	-22.905138	5.144106	-20.289999	2.455842	102756
81	1495.578331	9.644682	-21.518708	9.564088	-22.8262	9.703359	-20.211531	2.35743	102536
81	1493.729655	14.035241	-21.367439	13.968714	-22.673859	14.080702	-20.061559	2.267434	102313
81	1491.88098	18.258067	-21.151571	18.204842	-22.455999	18.290939	-19.847814	2.18455	102088
81	1490.032305	22.325774	-20.877674	22.285092	-22.179277	22.346705	-19.576797	2.107722	101861
81	1488.183629	26.249199	-20.551343	26.220329	-21.849406	26.258853	-19.254023	2.036108	103412
82	1488.183629	-20.699059	-23.487712	-20.883207	-24.770906	-20.5443	-22.200534	3.144995	100590
82	1486.37977	-14.947138	-23.943728	-15.110921	-25.234678	-14.811239	-22.649993	2.966382	103607
82	1484.575911	-9.509608	-24.256739	-9.654556	-25.553212	-9.39116	-22.958458	2.813063	103393
82	1482.772052	-4.345073	-24.448503	-4.472518	-25.748689	-4.242828	-23.147273	2.678952	103179
82	1480.968193	0.578407	-24.535832	0.467313	-25.838253	0.665509	-23.232947	2.559853	102965
82	1479.164335	5.286155	-24.532114	5.19042	-25.835522	5.358988	-23.228667	2.452796	102749
82	1477.360476	9.798731	-24.448258	9.717484	-25.751556	9.858034	-23.145213	2.355613	102531
82	1475.556617	14.133174	-24.293293	14.065611	-25.595489	14.179612	-22.991528	2.266669	102311
82	1473.752758	18.303824	-24.074773	18.249176	-25.374973	18.338042	-22.7751	2.184684	102090
82	1471.948899	22.322893	-23.799083	22.280423	-25.096506	22.345544	-22.502241	2.10864	101867
82	1470.14504	26.20091	-23.471703	26.169944	-24.765705	26.212631	-22.178332	2.03774	103402
83	1470.14504	-20.103553	-26.38731	-20.285559	-27.6664	-19.950774	-25.104164	3.130365	100622
83	1468.384387	-14.445158	-26.825904	-14.607425	-28.112504	-14.310611	-25.536394	2.955284	103588
83	1466.623734	-9.091617	-27.125321	-9.235609	-28.41732	-8.973994	-25.831375	2.804607	103377
83	1464.863082	-4.003387	-27.306462	-4.130351	-28.602104	-3.901534	-26.009635	2.672558	103167
83	1463.102429	0.850203	-27.38555	0.739175	-28.683373	0.937277	-26.087116	2.555139	102955
83	1461.341776	5.493565	-27.375525	5.397512	-28.674283	5.566708	-26.076563	2.449489	102742
83	1459.581123	9.946574	-27.286935	9.864629	-28.585538	10.006527	-25.9884	2.353504	102527
83	1457.820471	14.225717	-27.128514	14.157078	-28.425995	14.273159	-25.831272	2.265584	102311
83	1456.059818	18.344876	-26.907588	18.288791	-28.203102	18.380465	-25.612429	2.184486	102092
83	1454.299165	22.315901	-26.630386	22.271678	-27.923222	22.340274	-25.338009	2.109233	101873
83	1452.538512	26.149045	-26.302283	26.116086	-27.591888	26.162796	-25.013272	2.039072	103392
