ORDER	Wavelength (nm)	X0	Y0	X1	Y1	X2	Y2	Sampling (pixels)	R
90	1355.161629	-25.535287	27.857933	-25.707758	26.598516	-25.393101	29.118077	3.359247	100596
90	1353.664213	-19.934318	27.336394	-20.083918	26.070439	-19.813516	28.602476	3.193509	103162
90	1352.166797	-14.602231	26.924103	-14.731103	25.6533	-14.500819	28.194505	3.04784	102973
90	1350.66938	-9.507598	26.6077	-9.617437	25.333476	-9.42401	27.881056	2.918904	102780
90	1349.171964	-4.624232	26.376025	-4.716393	25.099592	-4.557229	27.651171	2.803898	102585
90	1347.674548	0.069692	26.219704	-0.005885	24.942109	0.121103	27.495637	2.700508	102388
90	1346.177132	4.592406	26.130802	4.532518	24.85296	4.629024	27.406644	2.606829	102189
90	1344.679716	8.959175	26.10253	8.914246	24.825253	8.981647	27.377502	2.521284	101987
90	1343.1823	13.182796	26.129009	13.15223	24.853024	13.19164	27.40241	2.442549	101784
90	1341.684883	17.273976	26.20507	17.257291	24.931036	17.269601	27.476267	2.369493	101579
90	1340.187467	21.241619	26.326106	21.238434	25.054622	21.224342	27.594519	2.301132	102878
91	1340.187467	-24.993568	23.929168	-25.163672	22.670667	-24.853789	25.188636	3.3538	100601
91	1338.722781	-19.462504	23.420449	-19.610527	22.155886	-19.343312	24.685361	3.189474	103151
91	1337.258096	-14.194921	23.01972	-14.322829	21.750653	-14.094499	24.28859	3.045203	102963
91	1335.79341	-9.15986	22.71355	-9.269222	21.441297	-9.076771	23.985126	2.917559	102772
91	1334.328724	-4.331639	22.490842	-4.423723	21.216524	-4.264726	23.764056	2.803713	102579
91	1332.864038	0.311107	22.342346	0.235258	21.066936	0.362783	23.616276	2.70136	102384
91	1331.399353	4.786211	22.260284	4.725732	20.984632	4.823423	23.53412	2.608615	102186
91	1329.934667	9.108618	22.238033	9.062785	20.962895	9.132003	23.511056	2.523925	101987
91	1328.469981	13.290874	22.269885	13.259083	20.995939	13.300959	23.541448	2.445995	101786
91	1327.005295	17.343504	22.350853	17.325256	21.078709	17.340718	23.620369	2.37372	101583
91	1325.54061	21.2753	22.476511	21.270185	21.206726	21.259987	23.743444	2.306143	102864
92	1325.54061	-24.460162	20.096098	-24.628275	18.839307	-24.322385	21.354028	3.347324	100611
92	1324.107593	-18.998895	19.601096	-19.145607	18.338626	-18.881023	20.864068	3.184722	103140
92	1322.674576	-13.795429	19.212387	-13.922549	17.945686	-13.695801	20.47903	3.04203	102954
92	1321.241559	-8.819436	18.916626	-8.928425	17.64692	-8.736724	20.185783	2.915779	102764
92	1319.808542	-4.045827	18.702866	-4.137882	17.431207	-3.978948	19.973545	2.803146	102573
92	1318.375525	0.54624	18.562037	0.470121	17.28934	0.598182	19.833378	2.701849	102379
92	1316.942508	4.974167	18.48654	4.91314	17.213607	5.011921	19.757787	2.610032	102184
92	1315.509492	9.252546	18.469931	9.205897	17.197474	9.276745	19.740411	2.526175	101987
92	1314.076475	13.39365	18.506678	13.360772	17.235333	13.404827	19.775785	2.449009	101788
92	1312.643458	17.407804	18.591963	17.38818	17.322304	17.406405	19.85915	2.377461	101587
92	1311.210441	21.303658	18.721533	21.296854	17.45408	21.290054	19.986301	2.310596	102851
93	1311.210441	-23.935956	16.357647	-24.102362	15.103149	-23.79987	17.613402	3.340097	100625
93	1309.808077	-18.544003	15.876819	-18.689597	14.616948	-18.427234	17.137297	3.179446	103129
93	1308.405713	-13.404011	15.5003	-13.530469	14.236413	-13.305037	16.764226	3.03846	102944
93	1307.003349	-8.4864	15.214938	-8.595089	13.948192	-8.403982	16.48123	2.91367	102756
93	1305.600984	-3.766736	15.010004	-3.858795	13.741393	-3.699853	16.277728	2.802282	102566
93	1304.19862	0.775265	14.876637	0.698876	13.607031	0.827472	16.144982	2.702048	102375
93	1302.796256	5.156546	14.807435	5.095006	13.537599	5.194808	16.075684	2.61115	102181
93	1301.393892	9.391334	14.796138	9.343936	13.526749	9.416276	16.063654	2.528102	101986
93	1299.991528	13.491613	14.837383	13.457746	13.569046	13.503773	16.103595	2.451666	101789
93	1298.589164	17.467488	14.926517	17.446625	13.659776	17.467327	16.190909	2.380795	101591
93	1297.1868	21.327454	15.059447	21.31914	13.794791	21.315365	16.321549	2.314583	102840
94	1297.1868	-23.421486	12.712111	-23.586394	11.460335	-23.286861	13.965226	3.33233	100642
94	1295.814115	-18.098097	12.2456	-18.242712	10.988701	-17.982279	13.503185	3.173791	103118
94	1294.441431	-13.020766	11.88124	-13.146647	10.6205	-12.922346	13.142097	3.034595	102935
94	1293.068747	-8.16073	11.606148	-8.269169	10.342665	-8.078549	12.869254	2.911308	102748
94	1291.696062	-3.494258	11.409849	-3.586342	10.144575	-3.427345	12.674317	2.80118	102560
94	1290.323378	0.998359	11.283714	0.921703	10.017482	1.050831	12.54877	2.702009	102370
94	1288.950693	5.333593	11.220547	5.271563	9.95409	5.372337	12.485504	2.612018	102179
94	1287.578009	9.525294	11.214269	9.477192	9.948239	9.550929	12.47852	2.529757	101986
94	1286.205324	13.585149	11.259686	13.550365	9.99466	13.598215	12.522683	2.454019	101791
94	1284.83264	17.523032	11.352296	17.50103	10.088794	17.524002	12.613551	2.383786	101594
94	1283.459955	21.347269	11.488157	21.337576	10.226644	21.336555	12.747223	2.318172	102830
95	1283.459955	-22.917036	9.157395	-23.080596	7.908668	-22.783706	10.407525	3.324181	100661
95	1282.116018	-17.66128	8.70513	-17.805011	7.451484	-17.546303	9.959526	3.167861	103107
95	1280.772081	-12.645678	8.352764	-12.771042	7.095424	-12.547745	9.61029	3.030509	102925
95	1279.428144	-7.84234	8.087732	-7.950562	6.827749	-7.760358	9.347412	2.908747	102741
95	1278.084207	-3.228253	7.899838	-3.320375	6.638127	-3.161294	9.160822	2.799883	102554
95	1276.74027	1.215703	7.780695	1.138782	6.518059	1.268439	9.042238	2.701769	102366
95	1275.396333	5.505528	7.723314	5.443025	6.460459	5.544736	8.984755	2.612671	102176
95	1274.052396	9.654688	7.721798	9.605916	6.459351	9.680981	8.982551	2.531176	101985
95	1272.708458	13.674569	7.771109	13.638918	6.509629	13.688488	9.03065	2.456109	101792
95	1271.364521	17.574808	7.866897	17.551736	6.606881	17.576833	9.124755	2.386476	101597
95	1270.020584	21.36355	8.005353	21.352571	6.747249	21.35411	9.261104	2.321417	102821
96	1270.020584	-22.422705	5.691187	-22.585023	4.44576	-22.290551	6.938066	3.315766	100682
96	1268.704501	-17.233531	5.252951	-17.376447	4.00278	-17.119321	6.503927	3.161733	103096
96	1267.388417	-12.278661	4.912328	-12.403549	3.658589	-12.18117	6.166315	3.026253	102915
96	1266.072334	-7.531099	4.657097	-7.639127	3.400804	-7.449291	5.913158	2.906024	102733
96	1264.75625	-2.968564	4.477357	-3.060733	3.219391	-2.901547	5.734671	2.798422	102548
96	1263.440167	1.427477	4.364963	1.350294	3.1061	1.480476	5.62281	2.701355	102362
96	1262.124083	5.672549	4.313132	5.609588	3.054057	5.71221	5.570875	2.613135	102174
96	1260.808	9.779739	4.316145	9.730321	3.057462	9.806667	5.573214	2.532386	101984
96	1259.491916	13.760127	4.369117	13.723646	3.111368	13.774862	5.625008	2.457964	101793
96	1258.175833	17.623109	4.467837	17.599017	3.211503	17.626137	5.722095	2.3889	101600
96	1256.859749	21.37664	4.608628	21.364442	3.354141	21.368403	5.860842	2.324356	102813
97	1256.859749	-21.938466	2.311067	-22.099617	1.069144	-21.807405	3.554484	3.307168	100703
97	1255.570662	-16.814753	1.886547	-16.9569	0.640032	-16.701258	3.133918	3.155459	103085
97	1254.281575	-11.919578	1.557361	-12.044018	0.30739	-11.822497	2.807639	3.021863	102906
97	1252.992488	-7.226852	1.311647	-7.3347	0.0592	-7.1452	2.563927	2.903166	102725
97	1251.703401	-2.715024	1.139797	-2.807245	-0.114273	-2.647943	2.393286	2.796818	102542
97	1250.414314	1.633855	1.033911	1.556414	-0.221031	1.687115	2.287911	2.700785	102358
97	1249.125228	5.83484	0.987409	5.771431	-0.267741	5.874945	2.2413	2.613428	102171
97	1247.836141	9.900641	0.994741	9.850595	-0.26003	9.928188	2.247973	2.533406	101983
97	1246.547054	13.842032	1.051174	13.804746	-0.202693	13.857559	2.303255	2.459606	101794
97	1245.257967	17.668165	1.152628	17.64309	-0.099866	17.672163	2.403116	2.391082	101603
97	1243.96888	21.386804	1.295547	21.373431	0.044849	21.379725	2.544045	2.327018	102806
98	1243.96888	-21.464201	-0.98541	-21.624238	-2.223662	-21.334177	0.254366	3.298444	100725
98	1242.705967	-16.404791	-1.396588	-16.546202	-2.639298	-16.291976	-0.152982	3.149076	103074
98	1241.443055	-11.568259	-1.714676	-11.692271	-2.960743	-11.471569	-0.468253	3.017364	102896
98	1240.180142	-6.929426	-1.951175	-7.037104	-3.199649	-6.847919	-0.702813	2.900191	102717
98	1238.91723	-2.467462	-2.115401	-2.559737	-3.365452	-2.400313	-0.86587	2.795084	102536
98	1237.654317	1.835006	-2.215014	1.75731	-3.465914	1.888525	-0.964993	2.700071	102353
98	1236.391404	5.992568	-2.256397	5.92872	-3.507502	6.033111	-1.006487	2.613561	102169
98	1235.128492	10.017562	-2.244933	9.966902	-3.495671	10.045716	-0.995671	2.534248	101983
98	1233.865579	13.920458	-2.185213	13.882387	-3.435071	13.936761	-0.937078	2.461047	101795
98	1232.602667	17.710164	-2.081189	17.684126	-3.329707	17.715109	-0.834613	2.393037	101606
98	1231.339754	21.394245	-1.936299	21.379723	-3.183064	21.388295	-0.691671	2.329421	102800
99	1231.339754	-20.999733	-4.20067	-21.158687	-5.435103	-20.870709	-2.964688	3.289635	100747
99	1230.102227	-16.003454	-4.598918	-16.144147	-5.837695	-15.891297	-3.359214	3.142608	103063
99	1228.864699	-11.224517	-4.906266	-11.34811	-6.148314	-11.128204	-3.663826	3.012772	102887
99	1227.627172	-6.63864	-5.133859	-6.746152	-6.378252	-6.557272	-3.889537	2.897109	102710
99	1226.389645	-2.225705	-5.290725	-2.318034	-6.536656	-2.158487	-4.04527	2.79323	102530
99	1225.152117	2.031091	-5.384292	1.953146	-6.631052	2.08487	-4.138365	2.699223	102349
99	1223.91459	6.145888	-5.420752	6.081608	-6.667712	6.186864	-4.174939	2.613542	102166
99	1222.677062	10.130651	-5.405327	10.079386	-6.651927	10.159406	-4.160152	2.534919	101982
99	1221.439535	13.995551	-5.342467	13.956702	-6.588206	14.012621	-4.0984	2.462296	101796
99	1220.202008	17.749251	-5.236003	17.72226	-6.480427	17.755134	-3.993467	2.394774	101609
99	1218.96448	21.399117	-5.089262	21.383457	-6.331963	21.394284	-3.848642	2.331577	102795
100	1218.96448	-20.544842	-7.337077	-20.702725	-8.567558	-20.416796	-6.105031	3.280767	100769
100	1217.75158	-15.610527	-7.722834	-15.750507	-8.957561	-15.499017	-6.487157	3.136072	103052
100	1216.53868	-10.888148	-8.019813	-11.011324	-9.257737	-10.792207	-6.78147	3.008096	102878
100	1215.32578	-6.354307	-8.23881	-6.461651	-9.479026	-6.273076	-6.998635	2.893929	102702
100	1214.11288	-1.989584	-8.388577	-2.081963	-9.630297	-1.922296	-7.147301	2.791261	102524
100	1212.89998	2.222268	-8.476317	2.144077	-9.718846	2.276302	-7.234585	2.698243	102345
100	1211.68708	6.29494	-8.508035	6.230233	-9.750757	6.336347	-7.266421	2.613374	102164
100	1210.47418	10.240036	-8.488797	10.188168	-9.731164	10.269391	-7.247816	2.535422	101981
100	1209.26128	14.067431	-8.422921	14.027804	-9.664436	14.085267	-7.183034	2.463356	101797
100	1208.04838	17.78554	-8.314119	17.757592	-9.554334	17.792361	-7.075744	2.396299	101612
100	1206.83548	21.401533	-8.165612	21.384727	-9.404121	21.397819	-6.929131	2.333493	102790
101	1206.83548	-20.099273	-10.396918	-20.256084	-11.623312	-19.972202	-9.168942	3.271855	100791
101	1205.64648	-15.225775	-10.770635	-15.365037	-12.001196	-15.114912	-9.539106	3.129474	103041
101	1204.457479	-10.55894	-11.05762	-10.681691	-12.291318	-10.463372	-9.823485	3.003341	102869
101	1203.268479	-6.076238	-11.268332	-6.183407	-12.504277	-5.995146	-10.032407	2.890651	102694
101	1202.079479	-1.758932	-11.411254	-1.851355	-12.648671	-1.691576	-10.174256	2.789178	102518
101	1200.890478	2.408681	-11.493373	2.330247	-12.73158	2.462971	-10.255935	2.697132	102340
101	1199.701478	6.439852	-11.520515	6.374716	-12.758906	6.481692	-10.283202	2.613058	102161
101	1198.512477	10.345829	-11.497596	10.293352	-12.735628	10.375787	-10.260914	2.535757	101980
101	1197.323477	14.136192	-11.428803	14.095776	-12.665985	14.154803	-10.193209	2.464226	101798
101	1196.134476	17.819115	-11.317737	17.790193	-12.553622	17.826887	-10.083647	2.39761	101615
101	1194.945476	21.401569	-11.167517	21.383596	-12.401698	21.39899	-9.93531	2.33517	102787
102	1194.945476	-19.662755	-13.382375	-19.818475	-14.604539	-19.536665	-12.158608	3.262908	100813
102	1193.779675	-14.848952	-13.744514	-14.987479	-14.970783	-14.738744	-12.517257	3.122819	103030
102	1192.613875	-10.236677	-14.021882	-10.358988	-15.251238	-10.14149	-12.792067	2.998506	102859
102	1191.448074	-5.804244	-14.224614	-5.911227	-15.45618	-5.723297	-12.993046	2.887275	102687
102	1190.282274	-1.533585	-14.360937	-1.626047	-15.593948	-1.466166	-13.128321	2.786978	102512
102	1189.116473	2.590468	-14.437629	2.511791	-15.67141	2.645014	-13.204589	2.695886	102336
102	1187.950673	6.580739	-14.460345	6.515167	-15.694295	6.623015	-13.22744	2.612588	102159
102	1186.784872	10.448121	-14.433856	10.395021	-15.667436	10.478694	-13.201586	2.535919	101979
102	1185.619072	14.201908	-14.362225	14.16068	-15.594945	14.22131	-13.131046	2.464903	101799
102	1184.453272	17.850033	-14.248944	17.820107	-15.480357	17.858779	-13.01927	2.398705	101618
102	1183.287471	21.399271	-14.097035	21.380092	-15.326735	21.397856	-12.869246	2.336606	102784
103	1183.287471	-19.234998	-16.29552	-19.389598	-17.51329	-19.10991	-15.076113	3.253928	100835
103	1182.144198	-14.479804	-16.646542	-14.617568	-17.868369	-14.37027	-15.423695	3.116103	103019
103	1181.000925	-9.921137	-16.914667	-10.042987	-18.139544	-9.826347	-15.6893	2.993588	102850
103	1179.857652	-5.538137	-17.109719	-5.644921	-18.336774	-5.457345	-15.882628	2.883795	102679
103	1178.714379	-1.313389	-17.239678	-1.405883	-18.468153	-1.245909	-16.011563	2.784655	102507
103	1177.571106	2.767756	-17.311124	2.688834	-18.540347	2.822561	-16.082604	2.694498	102332
103	1176.427834	6.717698	-17.329548	6.651679	-18.558921	6.760423	-16.101176	2.611957	102156
103	1175.284561	10.546988	-17.299581	10.493242	-18.528564	10.578193	-16.071857	2.535901	101979
103	1174.141288	14.264631	-17.225169	14.22256	-18.453271	14.284852	-15.998546	2.465378	101800
103	1172.998015	17.878328	-17.109697	17.847356	-18.336473	17.888083	-15.884593	2.399579	101621
103	1171.854742	21.394657	-16.9561	21.374223	-18.181139	21.39445	-15.732894	2.337798	102782
104	1171.854742	-18.815706	-19.138298	-18.969146	-20.351482	-18.69165	-17.923424	3.244912	100856
104	1170.73335	-14.118073	-19.478663	-14.255039	-20.695868	-14.00924	-18.260385	3.109321	103008
104	1169.611958	-9.612101	-19.737913	-9.733464	-20.958137	-9.517728	-18.517145	2.988579	102841
104	1168.490566	-5.277735	-19.925574	-5.384301	-21.147952	-5.197111	-18.703109	2.880203	102672
104	1167.369173	-1.098193	-20.049394	-1.190714	-21.273167	-1.030657	-18.825926	2.7822	102501
104	1166.247781	2.940662	-20.115762	2.861488	-21.340259	2.995731	-18.891908	2.692959	102328
104	1165.126389	6.850818	-20.130011	6.784333	-21.354632	6.894006	-18.906325	2.611155	102154
104	1164.004997	10.642488	-20.096641	10.588067	-21.320845	10.674351	-18.873622	2.535692	101978
104	1162.883605	14.324397	-20.019483	14.281441	-21.242778	14.345473	-18.797588	2.465645	101802
104	1161.762213	17.904014	-19.901827	17.871943	-21.123764	17.914824	-18.681472	2.400222	101624
104	1160.640821	21.387724	-19.746519	21.365975	-20.966687	21.388779	-18.528087	2.33874	102780
105	1160.640821	-18.404579	-21.912527	-18.556813	-23.120901	-18.281595	-20.702387	3.235853	100877
105	1159.540687	-13.763502	-22.242685	-13.899629	-23.455052	-13.655402	-21.029168	3.102463	102997
105	1158.440554	-9.309354	-22.493418	-9.430198	-23.70878	-9.215421	-21.277434	2.983469	102832
105	1157.34042	-5.022859	-22.673969	-5.129191	-23.89146	-4.942417	-21.456309	2.876487	102665
105	1156.240287	-0.887858	-22.791862	-0.980401	-24.010723	-0.820268	-21.573221	2.779601	102495
105	1155.140154	3.109291	-22.853305	3.029857	-24.072863	3.164634	-21.6343	2.691256	102324
105	1154.04002	6.980173	-22.863482	6.913199	-24.083135	7.023845	-21.644669	2.610172	102152
105	1152.939887	10.734667	-22.826767	10.679534	-24.04597	10.767221	-21.608648	2.535283	101978
105	1151.839753	14.381225	-22.746885	14.337335	-23.965143	14.4032	-21.529918	2.465692	101803
105	1150.73962	17.927088	-22.627031	17.893861	-23.843895	17.939007	-21.411636	2.400627	101628
105	1149.639486	21.378452	-22.469972	21.355323	-23.68503	21.380831	-21.256533	2.339424	102780
106	1149.639486	-18.001319	-24.619896	-18.152297	-25.823202	-17.879451	-23.414721	3.226742	100897
106	1148.560012	-13.415836	-24.940284	-13.551084	-26.147558	-13.308507	-23.731754	3.095519	102987
106	1147.480539	-9.012683	-25.182845	-9.132979	-26.393092	-8.919218	-23.971868	2.978244	102823
106	1146.401065	-4.773341	-25.356553	-4.879421	-26.568907	-4.693095	-24.143919	2.872633	102657
106	1145.321591	-0.682252	-25.468718	-0.774813	-26.682416	-0.61461	-24.255124	2.776844	102490
106	1144.242118	3.273741	-25.525376	3.194034	-26.739743	3.329369	-24.311444	2.689376	102321
106	1143.162644	7.105826	-25.53157	7.038336	-26.745998	7.150007	-24.317857	2.608993	102150
106	1142.08317	10.823558	-25.491555	10.767673	-26.705497	10.856842	-24.278568	2.534661	101978
106	1141.003697	14.435122	-25.408955	14.390247	-26.621914	14.458045	-24.197155	2.465508	101805
106	1139.924223	17.947535	-25.286879	17.913092	-26.498404	17.960623	-24.076688	2.400786	101631
106	1138.844749	21.366808	-25.128018	21.342232	-26.337701	21.370579	-23.91982	2.339846	102780
107	1138.844749	-17.605635	-27.261966	-17.755309	-28.45992	-17.484928	-26.062021	3.217566	100917
107	1137.785359	-13.074831	-27.573006	-13.209158	-28.7749	-12.96831	-26.369724	3.088474	102976
107	1136.725968	-8.721887	-27.807726	-8.841604	-29.012571	-8.628916	-26.602014	2.97289	102814
107	1135.666578	-4.529018	-27.974843	-4.634829	-29.181771	-4.448982	-26.767493	2.868627	102650
107	1134.607187	-0.481251	-28.081466	-0.57383	-29.289712	-0.413557	-26.873179	2.773914	102485
107	1133.547797	3.434097	-28.133467	3.354103	-29.34235	3.490025	-26.924868	2.687305	102317
107	1132.488406	7.22783	-28.135755	7.159798	-29.344666	7.27255	-26.927407	2.607606	102148
107	1131.429016	10.909187	-28.092474	10.85251	-29.300863	10.943242	-26.884887	2.533815	101978
107	1130.369625	14.486088	-28.007153	14.440178	-29.214522	14.510013	-26.800791	2.465085	101807
107	1129.310235	17.965333	-27.882822	17.929616	-29.088721	17.979652	-26.678106	2.40069	101636
107	1128.250845	21.352753	-27.7221	21.326668	-28.926123	21.357983	-26.519416	2.339999	102781
108	1128.250845	-17.217245	-29.840186	-17.365573	-31.032481	-17.097745	-28.645759	3.20831	100937
108	1127.210982	-12.740248	-30.142276	-12.873619	-31.338481	-12.634573	-28.944533	3.081312	102965
108	1126.171119	-8.436771	-30.369468	-8.555885	-31.568597	-8.344321	-29.169314	2.967391	102805
108	1125.131257	-4.289737	-30.530233	-4.395267	-31.731419	-4.209923	-29.328461	2.864452	102643
108	1124.091394	-0.284741	-30.631486	-0.377339	-31.833962	-0.216992	-29.428801	2.770795	102479
108	1123.051532	3.590441	-30.678946	3.510146	-31.882031	3.646685	-29.475978	2.685028	102314
108	1122.011669	7.346236	-30.677397	7.277632	-31.880477	7.391524	-29.474711	2.605997	102147
108	1120.971807	10.991574	-30.630877	10.934066	-31.833402	11.026442	-29.428987	2.532731	101979
108	1119.931944	14.534119	-30.542828	14.487127	-31.7443	14.559097	-29.342198	2.464411	101810
108	1118.892082	17.980458	-30.416203	17.943414	-31.616176	17.996067	-29.217256	2.400331	101640
108	1117.852219	21.336245	-30.253558	21.308598	-31.451632	21.342999	-29.056676	2.339879	102782
