ORDER	Wavelength (nm)	X0	Y0	X1	Y1	X2	Y2	Sampling (pixels)	R
109	1117.852219	-20.429204	28.593038	-20.563279	27.318315	-20.323607	29.872261	3.109451	101263
109	1116.83135	-16.115867	28.193902	-16.232285	26.91474	-16.02687	29.477126	2.99141	103199
109	1115.81048	-11.963629	27.871074	-12.063712	26.588551	-11.889989	29.157248	2.884201	103049
109	1114.78961	-7.958119	27.617299	-8.042949	26.332351	-7.898827	28.905512	2.786484	102896
109	1113.768741	-4.086779	27.426203	-4.157246	26.139649	-4.041013	28.715661	2.697031	102740
109	1112.747871	-0.338683	27.292182	-0.395523	26.004744	-0.30577	28.582183	2.614757	102583
109	1111.727002	3.295653	27.210289	3.251828	25.922612	3.316265	28.500209	2.538705	102423
109	1110.706132	6.824451	27.176134	6.793134	25.888801	6.833214	28.465409	2.468037	102262
109	1109.685262	10.254822	27.185793	10.235593	25.899331	10.252102	28.47391	2.402017	102099
109	1108.664393	13.592897	27.235726	13.585414	25.95062	13.578985	28.522212	2.33999	101934
109	1107.643523	16.843929	27.322706	16.84792	26.039403	16.819053	28.607125	2.281367	103078
110	1107.643523	-19.973297	24.874846	-20.105596	23.60186	-19.869537	26.152646	3.108329	101260
110	1106.641131	-15.700686	24.484229	-15.81593	23.207185	-15.612912	25.765623	2.990675	103192
110	1105.638738	-11.587041	24.169495	-11.686443	22.889375	-11.514121	25.453534	2.883994	103042
110	1104.636346	-7.617993	23.923258	-7.702552	22.640917	-7.558998	25.209119	2.78686	102890
110	1103.633954	-3.781052	23.739106	-3.851604	22.455292	-3.735218	25.02607	2.698005	102735
110	1102.631562	-0.065389	23.611452	-0.122633	22.326826	-0.032082	24.898883	2.616324	102579
110	1101.629169	3.538379	23.535399	3.493853	22.250556	3.559691	24.822731	2.540853	102420
110	1100.626777	7.038385	23.506632	7.006078	22.222103	7.048144	24.793352	2.470759	102260
110	1099.624385	10.441665	23.521312	10.421156	22.237583	10.440239	24.806952	2.405309	102098
110	1098.621992	13.754296	23.575996	13.745232	22.29351	13.741987	24.860127	2.343859	101935
110	1097.6196	16.981499	23.667565	16.983591	22.386732	16.958554	24.949789	2.28583	103064
111	1097.6196	-19.522411	21.234473	-19.653296	19.964143	-19.420104	22.509846	3.10614	101261
111	1096.635188	-15.291076	20.853272	-15.405411	19.579188	-15.204239	22.131917	2.989125	103185
111	1095.650775	-11.21633	20.547182	-11.315234	19.270246	-11.143927	21.828232	2.883134	103036
111	1094.666363	-7.283905	20.308782	-7.368311	19.029782	-7.225078	21.591487	2.786688	102884
111	1093.681951	-3.481449	20.131684	-3.552145	18.851313	-3.435483	21.415385	2.698494	102731
111	1092.697539	0.201724	20.010357	0.14407	18.729231	0.235434	21.29447	2.617439	102575
111	1091.713127	3.774864	19.939983	3.729679	18.658652	3.796832	21.223984	2.542562	102417
111	1090.728714	7.245987	19.916329	7.212779	18.635289	7.256648	21.199747	2.473033	102259
111	1089.744302	10.622034	19.93565	10.600381	18.655351	10.621757	21.218054	2.408132	102098
111	1088.75989	13.909007	19.994601	13.898548	18.715456	13.898107	21.275596	2.347221	101936
111	1087.775478	17.112079	20.090168	17.112508	18.812552	17.090817	21.369387	2.289736	103051
112	1087.775478	-19.077454	17.672125	-19.207197	16.405123	-18.976304	18.944339	3.103137	101264
112	1086.808566	-14.887631	17.300875	-15.001253	16.030357	-14.801516	18.576107	2.986949	103177
112	1085.841655	-10.851854	17.003722	-10.950394	15.730529	-10.77982	18.281175	2.88177	103029
112	1084.874743	-6.956029	16.773284	-7.040365	15.49815	-6.897278	18.052263	2.786088	102878
112	1083.907832	-3.187994	16.603239	-3.258873	15.326815	-3.141849	17.883133	2.6986	102726
112	1082.94092	0.462762	16.488143	0.404697	15.211005	0.49688	17.768406	2.618193	102571
112	1081.974009	4.005332	16.423266	3.959522	15.145933	4.02792	17.703411	2.543914	102415
112	1081.007097	7.447595	16.404472	7.413555	15.127411	7.459083	17.684058	2.474942	102257
112	1080.040186	10.79638	16.428112	10.773688	15.151745	10.797142	17.706736	2.410567	102097
112	1079.073274	14.057603	16.490936	14.045892	15.215648	14.047961	17.768231	2.350164	101937
112	1078.106363	17.236372	16.590027	17.235322	15.316171	17.216603	17.865653	2.29318	103040
113	1078.106363	-18.639026	14.187248	-18.767829	12.924058	-18.538811	15.455774	3.099507	101270
113	1077.156489	-14.490723	13.82622	-14.603776	12.559706	-14.405173	15.097566	2.98429	103170
113	1076.206616	-10.493814	13.538119	-10.592087	12.26907	-10.422043	14.811542	2.880012	103022
113	1075.256742	-6.634436	13.315646	-6.71876	12.044755	-6.575695	14.590495	2.785148	102873
113	1074.306869	-2.900649	13.152581	-2.971738	11.880462	-2.854295	14.428281	2.698396	102721
113	1073.356995	0.717855	13.043578	0.659379	11.770781	0.752379	14.319617	2.618651	102567
113	1072.407122	4.229995	12.984014	4.183589	11.711029	4.253175	14.259929	2.54497	102412
113	1071.457248	7.643501	12.969849	7.608685	11.697119	7.655762	14.245224	2.476545	102255
113	1070.507375	10.96508	12.99753	10.941431	11.725455	10.966797	14.271986	2.412677	102097
113	1069.557502	14.200549	13.063903	14.187694	11.792848	14.192051	14.337093	2.352753	101937
113	1068.607628	17.354941	13.166142	17.352549	11.896439	17.336517	14.437749	2.296232	103029
114	1068.607628	-18.207504	10.778785	-18.335516	9.51976	-18.108062	12.043239	3.095395	101278
114	1067.674346	-14.100564	10.428066	-14.21315	9.165871	-14.015465	11.695183	2.981253	103162
114	1066.741065	-10.1423	10.149004	-10.240375	8.884388	-10.070716	11.418085	2.877941	103016
114	1065.807783	-6.319122	9.934418	-6.403474	8.668041	-6.260346	11.204847	2.783933	102867
114	1064.874501	-2.619338	9.778207	-2.690654	8.510655	-2.572755	11.049437	2.697937	102716
114	1063.941219	0.967143	9.675142	0.908261	8.406938	1.002072	10.946685	2.618861	102563
114	1063.007937	4.449053	9.620704	4.402072	8.352318	4.472802	10.892121	2.545776	102409
114	1062.074656	7.833963	9.610957	7.798411	8.342812	7.846954	10.88185	2.477887	102253
114	1061.141374	11.128449	9.642442	11.103905	8.37492	11.131057	10.91245	2.414508	102096
114	1060.208092	14.338223	9.712096	14.324308	8.445545	14.330783	10.980889	2.355038	101937
114	1059.27481	17.468233	9.817183	17.464606	8.551918	17.451045	11.08446	2.298947	103020
115	1059.27481	-17.783101	7.445357	-17.910429	6.190752	-17.684317	8.70546	3.090908	101288
115	1058.357689	-13.717249	7.104903	-13.829443	5.847257	-13.632521	8.367544	2.977918	103155
115	1057.440568	-9.797323	6.83478	-9.895248	5.574808	-9.725875	8.099292	2.875617	103009
115	1056.523447	-6.010036	6.627948	-6.094443	5.366282	-5.951194	7.893744	2.782491	102861
115	1055.606326	-2.343958	6.478437	-2.41551	5.215639	-2.297133	7.744994	2.697264	102711
115	1054.689205	1.210772	6.381139	1.15149	5.117712	1.246103	7.647989	2.618859	102559
115	1053.772084	4.66269	6.331648	4.615156	5.068043	4.686992	7.598369	2.546365	102406
115	1052.854963	8.019204	6.326127	7.982952	5.06275	8.032894	7.592336	2.479001	102251
115	1051.937842	11.286753	6.361211	11.261361	5.09843	11.290206	7.626563	2.416093	102095
115	1051.020721	14.470935	6.433925	14.456022	5.172073	14.464491	7.698104	2.357055	101938
115	1050.1036	17.576608	6.541618	17.571826	5.280998	17.560577	7.804335	2.301364	103011
116	1050.1036	-17.365914	4.185392	-17.492633	2.935395	-17.267705	5.440935	3.086125	101298
116	1049.202223	-13.340793	3.855071	-13.452646	2.60214	-13.256382	5.113049	2.974342	103147
116	1048.300847	-9.458841	3.593728	-9.556647	2.338551	-9.387493	4.853502	2.873084	103002
116	1047.39947	-5.70709	3.394479	-5.791571	2.137666	-5.648164	4.655485	2.780856	102855
116	1046.498094	-2.074388	3.251495	-2.146182	1.993586	-2.027314	4.513228	2.696404	102706
116	1045.596717	1.44889	3.159792	1.389213	1.901272	1.484619	4.4218	2.61867	102555
116	1044.695341	4.871081	3.115073	4.82301	1.856378	4.895921	4.376949	2.54676	102403
116	1043.793965	8.199424	3.113603	8.162497	1.855125	8.213788	4.374979	2.47991	102249
116	1042.892588	11.440217	3.152109	11.414014	1.894203	11.444481	4.41265	2.417458	102094
116	1041.991212	14.598941	3.2277	14.583077	1.97069	14.593448	4.487103	2.358829	101938
116	1041.089835	17.680359	3.337806	17.674478	2.081985	17.665427	4.595791	2.303512	103003
117	1041.089835	-16.955952	0.997217	-17.082114	-0.248032	-16.858264	2.248041	3.081105	101309
117	1040.203801	-12.971152	0.676832	-13.082697	-0.571261	-12.887019	1.930006	2.970567	103139
117	1039.317767	-9.126771	0.424072	-9.224479	-0.826199	-9.055501	1.678979	2.870372	102995
117	1038.431733	-5.410176	0.232215	-5.49474	-1.019645	-5.351153	1.488308	2.779052	102849
117	1037.545699	-1.8105	0.095573	-1.882536	-1.157351	-1.763174	1.352366	2.695377	102701
117	1036.659666	1.681643	0.00929	1.621579	-1.24423	1.717766	1.266343	2.618312	102551
117	1035.773632	5.074386	-0.030822	5.025792	-1.284514	5.099754	1.226097	2.546979	102400
117	1034.887598	8.374798	-0.028399	8.337218	-1.281883	8.38982	1.22803	2.480629	102247
117	1034.001564	11.589033	0.013377	11.562046	-1.239555	11.594084	1.268989	2.418617	102093
117	1033.11553	14.722452	0.091695	14.70567	-1.160369	14.71788	1.346195	2.360378	101938
117	1032.229496	17.779719	0.204062	17.772777	-1.046846	17.765849	1.457179	2.305412	102996
118	1032.229496	-16.553164	-2.120882	-16.678799	-3.361276	-16.455961	-0.874903	3.075888	101320
118	1031.358416	-12.608237	-2.431569	-12.719494	-3.674733	-12.524362	-1.183311	2.966621	103131
118	1030.487337	-8.801004	-2.67597	-8.898624	-3.921256	-8.729798	-1.426033	2.867503	102988
118	1029.616257	-5.119172	-2.860642	-5.20382	-4.107476	-5.060046	-1.609556	2.777096	102843
118	1028.745177	-1.552161	-2.991129	-1.624436	-4.239001	-1.504583	-1.739368	2.694197	102696
118	1027.874097	1.909171	-3.072164	1.848728	-4.320618	1.945684	-1.820155	2.617795	102547
118	1027.003018	5.272753	-3.107824	5.223648	-4.356448	5.298641	-1.85595	2.54703	102397
118	1026.131938	8.545482	-3.101648	8.507262	-4.350071	8.561149	-1.85026	2.48117	102245
118	1025.260858	11.733365	-3.056735	11.705611	-4.304618	11.739189	-1.806148	2.419583	102092
118	1024.389778	14.841642	-2.975811	14.82396	-4.222846	14.837973	-1.726316	2.361714	101937
118	1023.518699	17.874874	-2.8613	17.866894	-4.107203	17.862044	-1.613162	2.307075	102989
119	1023.518699	-16.157453	-5.170615	-16.282574	-6.406065	-16.060716	-3.929587	3.070504	101332
119	1022.662198	-12.251934	-5.47187	-12.362907	-6.710031	-12.168306	-4.228622	2.962525	103124
119	1021.805697	-8.481413	-5.708153	-8.578946	-6.94839	-8.410268	-4.463269	2.86449	102981
119	1020.949196	-4.833944	-5.885854	-4.918675	-7.127605	-4.774714	-4.639853	2.774998	102837
119	1020.092695	-1.299236	-6.010374	-1.371745	-7.253142	-1.251407	-4.76372	2.692872	102691
119	1019.236194	2.13161	-6.086325	2.070794	-7.329662	2.168509	-4.839434	2.617125	102543
119	1018.379693	5.466318	-6.117677	5.416709	-7.36118	5.492721	-4.870924	2.546919	102393
119	1017.523192	8.711611	-6.107875	8.672759	-7.351179	8.727919	-4.861604	2.481536	102243
119	1016.666691	11.87335	-6.059933	11.844835	-7.302704	11.87994	-4.814453	2.420358	102090
119	1015.81019	14.956651	-5.976501	14.938076	-7.218434	14.953878	-4.7321	2.362841	101937
119	1014.953689	17.965971	-5.859931	17.956957	-7.100745	17.954175	-4.616871	2.308509	102983
120	1014.953689	-15.768688	-8.153652	-15.89329	-9.384077	-15.672412	-6.917672	3.064972	101344
120	1014.111403	-11.902103	-8.445762	-12.012787	-9.678851	-11.818722	-7.207609	2.95829	103116
120	1013.269118	-8.167859	-8.674177	-8.265297	-9.909305	-8.096776	-7.434424	2.861343	102974
120	1012.426833	-4.554355	-8.845122	-4.639161	-10.081738	-4.495025	-7.604279	2.772762	102831
120	1011.584548	-1.051591	-8.963862	-1.124327	-10.201474	-1.003516	-7.722383	2.691405	102685
120	1010.742262	2.349089	-9.034886	2.287906	-10.273055	2.386371	-7.793181	2.616305	102538
120	1009.899977	5.655204	-9.062062	5.605094	-10.30039	5.682119	-7.820501	2.546647	102390
120	1009.057692	8.873304	-9.048744	8.83382	-10.286869	8.890252	-7.807663	2.481728	102240
120	1008.215407	12.009103	-8.997861	11.979823	-10.235453	12.016461	-7.75757	2.420943	102089
120	1007.373122	15.067591	-8.911994	15.048114	-10.148749	15.06572	-7.672775	2.363761	101937
120	1006.530836	18.053121	-8.793423	18.043061	-10.02906	18.042366	-7.555539	2.309714	102977
121	1006.530836	-15.386713	-11.071604	-15.510781	-12.296912	-15.290908	-9.840769	3.059304	101356
121	1005.702416	-11.558592	-11.354866	-11.668968	-12.582804	-11.475466	-10.121894	2.953924	103108
121	1004.873996	-7.860194	-11.575667	-7.957522	-12.805616	-7.789181	-10.341124	2.858062	102967
121	1004.045575	-4.280267	-11.740073	-4.365135	-12.971488	-4.220843	-10.504461	2.770389	102825
121	1003.217155	-0.809097	-11.853211	-0.882052	-13.085606	-0.760779	-10.61698	2.689793	102680
121	1002.388734	2.561727	-11.919457	2.500179	-13.152394	2.59939	-10.683011	2.615332	102534
121	1001.560314	5.839521	-11.942576	5.788907	-13.175661	5.866951	-10.706281	2.54621	102387
121	1000.731893	9.03066	-11.925833	8.990536	-13.158706	9.048255	-10.690024	2.481742	102238
121	999.903473	12.140713	-11.872081	12.110654	-13.104412	12.148852	-10.637066	2.421335	102088
121	999.075052	15.174546	-11.783828	15.154145	-13.015311	15.173592	-10.549888	2.364471	101937
121	998.246632	18.136402	-11.66329	18.125268	-12.893644	18.12671	-10.430688	2.31069	102972
122	998.246632	-15.011356	-13.925997	-15.134859	-15.146079	-14.916042	-12.700417	3.053504	101368
122	997.431737	-11.221235	-14.200714	-11.331279	-15.423402	-11.138383	-12.973023	2.949425	103100
122	996.616842	-7.558266	-14.414156	-7.655462	-15.638835	-7.487338	-13.184916	2.854646	102960
122	995.801946	-4.011538	-14.572235	-4.096455	-15.798361	-3.952031	-13.341944	2.767875	102819
122	994.987051	-0.571629	-14.679944	-0.644796	-15.907033	-0.523073	-13.449049	2.688031	102675
122	994.172156	2.769634	-14.741549	2.707722	-15.969165	2.80768	-13.510451	2.614199	102530
122	993.357261	6.019363	-14.760716	5.968238	-15.988464	6.047316	-13.529781	2.545602	102383
122	992.542366	9.183762	-14.740627	9.14298	-15.968145	9.202019	-13.510188	2.481571	102236
122	991.72747	12.268253	-14.684057	12.237388	-15.911015	12.277194	-13.454423	2.421527	102087
122	990.912575	15.277574	-14.593447	15.256216	-15.819536	15.277568	-13.364901	2.364962	101937
122	990.09768	18.215866	-14.470951	18.203615	-15.695889	18.207272	-13.243758	2.311429	102967
123	990.09768	-14.642432	-16.718264	-14.765331	-17.932978	-14.547639	-15.498069	3.047572	101380
123	989.295981	-10.889862	-16.98474	-10.999541	-18.202044	-10.80731	-15.762451	2.944792	103092
123	988.494283	-7.261919	-17.191076	-7.35896	-18.410356	-7.191095	-15.967255	2.851089	102953
123	987.692584	-3.748035	-17.343032	-3.832984	-18.563744	-3.688456	-16.118175	2.765212	102813
123	986.890886	-0.339069	-17.445477	-0.412441	-18.667136	-0.290279	-16.22003	2.686111	102670
123	986.089187	2.972911	-17.502566	2.91063	-18.724733	3.011345	-16.276931	2.612897	102526
123	985.287489	6.194816	-17.517873	6.143164	-18.740151	6.223305	-16.292418	2.544812	102380
123	984.48579	9.332678	-17.494498	9.291212	-18.716523	9.351618	-16.269557	2.481204	102233
123	983.684092	12.391772	-17.435145	12.360066	-18.656582	12.401546	-16.211027	2.421508	102086
123	982.882393	15.376715	-17.342188	15.354353	-18.562727	15.377696	-16.11918	2.365228	101937
123	982.080695	18.291538	-17.217725	18.278117	-18.437079	18.284092	-15.996093	2.311925	102964
124	982.080695	-14.279749	-19.449732	-14.401997	-20.658898	-14.185514	-18.235081	3.041504	101391
124	981.291875	-10.564301	-19.708266	-10.673576	-20.920015	-10.482078	-18.491534	2.940015	103084
124	980.503055	-6.971003	-19.907743	-7.067861	-21.121455	-6.900304	-18.689489	2.847381	102946
124	979.714235	-3.489624	-20.053774	-3.57459	-21.268904	-3.429985	-18.834498	2.76239	102806
124	978.925415	-0.111306	-20.151107	-0.184879	-21.367166	-0.062285	-18.931257	2.684022	102665
124	978.136595	3.171648	-20.203795	3.10899	-21.42034	3.210476	-18.983775	2.611414	102522
124	977.347776	6.365948	-20.215321	6.313749	-21.431952	6.394991	-18.9955	2.543829	102377
124	976.558956	9.477457	-20.188708	9.435276	-21.405055	9.49711	-18.969424	2.48063	102231
124	975.770136	12.511306	-20.126589	12.478714	-21.342314	12.521953	-18.908156	2.421268	102085
124	974.981316	15.471986	-20.031279	15.448566	-21.246069	15.474003	-18.813986	2.365257	101937
124	974.192496	18.363424	-19.904819	18.348768	-21.118385	18.357184	-18.688935	2.312169	102960
125	974.192496	-13.923113	-22.121614	-14.044659	-23.325015	-13.829479	-20.912704	3.035291	101403
125	973.416247	-10.244379	-22.372502	-10.353209	-23.578478	-10.162519	-21.161517	2.935085	103076
125	972.639998	-6.685368	-22.565357	-6.782013	-23.773286	-6.614818	-21.35286	2.843511	102939
125	971.863749	-3.236181	-22.705651	-3.321146	-23.914984	-3.176495	-21.492145	2.759394	102800
125	971.0875	0.111762	-22.798016	0.03799	-24.008258	0.161015	-21.583952	2.681749	102660
125	970.311251	3.365924	-22.846404	3.302878	-24.057108	3.40516	-21.632191	2.609736	102518
125	969.535002	6.532818	-22.854215	6.480046	-24.064974	6.56244	-21.640226	2.542638	102374
125	968.758753	9.618138	-22.824396	9.575202	-24.034837	9.63854	-21.610974	2.479836	102230
125	967.982504	12.626872	-22.759517	12.593344	-23.969297	12.63844	-21.546978	2.420793	102084
125	967.206255	15.563389	-22.661832	15.538851	-23.870636	15.566502	-21.45047	2.365037	101938
125	966.430006	18.431512	-22.533333	18.415552	-23.740868	18.426545	-21.323419	2.312149	102958
126	966.430006	-13.572328	-24.735015	-13.693122	-25.932389	-13.479342	-23.532079	3.02892	101414
126	965.66603	-9.929925	-24.97854	-10.038272	-26.178483	-9.848466	-23.773535	2.929988	103068
126	964.902054	-6.404869	-25.165	-6.501273	-26.366886	-6.334493	-23.958492	2.839462	102932
126	964.138077	-2.987586	-25.299735	-3.072538	-26.503008	-2.927864	-24.09223	2.756211	102794
126	963.374101	0.330229	-25.387263	0.256258	-26.591424	0.379715	-24.179219	2.679276	102655
126	962.610125	3.55581	-25.431443	3.49236	-26.636038	3.595468	-24.223272	2.607846	102514
126	961.846149	6.695472	-25.435593	6.642099	-26.640211	6.725702	-24.227675	2.541224	102371
126	961.082172	9.754747	-25.40259	9.711014	-26.606853	9.775939	-24.195273	2.478807	102228
126	960.318196	12.738479	-25.334942	12.703961	-26.538504	12.75102	-24.128546	2.420071	102084
126	959.55422	15.650915	-25.234851	15.625194	-26.437393	15.655186	-24.029672	2.364556	101938
126	958.790243	18.495776	-25.104258	18.478442	-26.305488	18.492153	-23.90057	2.311855	102956
127	958.790243	-13.227206	-27.290925	-13.347199	-28.481979	-13.134915	-26.094237	3.02238	101426
127	958.038251	-9.620778	-27.52736	-9.728602	-28.720972	-9.539754	-26.328607	2.924708	103060
127	957.286259	-6.129369	-27.707642	-6.225509	-28.903185	-6.05919	-26.507395	2.83522	102925
127	956.534266	-2.743728	-27.836982	-2.828655	-29.033895	-2.683981	-26.635754	2.752821	102789
127	955.782274	0.544181	-27.919794	0.470007	-29.117571	0.593904	-26.718046	2.676587	102650
127	955.030282	3.741366	-27.959845	3.677495	-29.158028	3.781464	-26.757997	2.605729	102510
127	954.278289	6.85395	-27.960378	6.799944	-29.15855	6.884819	-26.758814	2.539571	102369
127	953.526297	9.8873	-27.924203	9.842729	-29.121984	9.909327	-26.723275	2.477527	102227
127	952.774305	12.846121	-27.853771	12.810561	-29.050811	12.859692	-26.653803	2.419087	102083
127	952.022312	15.734541	-27.751231	15.707578	-28.947211	15.740036	-26.552523	2.363803	101939
127	951.27032	18.556179	-27.61848	18.537406	-28.813108	18.553975	-26.421307	2.311276	102955
