ORDER	Wavelength (nm)	X0	Y0	X1	Y1	X2	Y2	Sampling (pixels)
109	1117.852219	-18.663026	26.059792	-18.682376	24.900167	-18.669152	27.224833	2.855857
109	1116.83135	-14.710508	25.680201	-14.71934	24.519513	-14.726094	26.845789	2.741061
109	1115.81048	-10.912183	25.375732	-10.910977	24.214451	-10.936851	26.541464	2.63871
109	1114.78961	-7.252065	25.138143	-7.241246	23.976687	-7.285479	26.303658	2.546672
109	1113.768741	-3.716817	24.960611	-3.69676	23.799349	-3.758677	26.125583	2.463292
109	1112.747871	-0.295172	24.837408	-0.266214	23.676675	-0.34521	26.001544	2.38726
109	1111.727002	3.022481	24.763681	3.06004	23.603777	2.96451	25.926713	2.317527
109	1110.706132	6.244422	24.735271	6.290307	23.576469	6.178738	25.896954	2.253237
109	1109.685262	9.377836	24.748586	9.431799	23.591136	9.304641	25.908698	2.193687
109	1108.664393	12.429004	24.800501	12.490819	23.644631	12.34848	25.958836	2.138292
109	1107.643523	15.403451	24.888272	15.472908	23.734192	15.315767	26.044642	2.086559
110	1107.643523	-18.234665	22.65284	-18.253903	21.496802	-18.240861	23.814311	2.851019
110	1106.641131	-14.32384	22.285664	-14.332658	21.128622	-14.339412	23.447633	2.737699
110	1105.638738	-10.563953	21.991724	-10.562822	20.834131	-10.58853	23.153802	2.636546
110	1104.636346	-6.939503	21.763067	-6.928836	20.605326	-6.972757	22.924906	2.545496
110	1103.633954	-3.43753	21.593095	-3.417695	20.435563	-3.479166	22.754382	2.46294
110	1102.631562	-0.047074	21.476265	-0.018402	20.319263	-0.096828	22.636716	2.387605
110	1101.629169	3.241232	21.407869	3.278445	20.251688	3.1836	22.567225	2.318467
110	1100.626777	6.435465	21.38387	6.48095	20.228775	6.370173	22.541898	2.254692
110	1099.624385	9.542642	21.400781	9.596153	20.247011	9.469889	22.557264	2.195591
110	1098.621992	12.568906	21.455559	12.630219	20.303337	12.488872	22.610299	2.140591
110	1097.6196	15.519663	21.545536	15.58857	20.395066	15.432516	22.698352	2.089211
111	1097.6196	-17.814649	19.324678	-17.833782	18.172247	-17.820915	20.482557	2.846126
111	1096.635188	-13.944865	18.969515	-13.953675	17.816134	-13.960421	20.127842	2.734261
111	1095.650775	-10.222846	18.685757	-10.221792	17.531865	-10.247331	19.84416	2.634291
111	1094.666363	-6.633559	18.465732	-6.623045	17.311716	-6.666651	19.623874	2.544217
111	1093.681951	-3.164414	18.303057	-3.144801	17.149262	-3.205826	19.460638	2.462476
111	1092.697539	0.195253	18.192366	0.223641	17.039103	0.145783	19.349112	2.38783
111	1091.713127	3.45457	18.129095	3.491442	16.976644	3.397277	19.284757	2.319281
111	1090.728714	6.621415	18.109324	6.666505	16.957941	6.556514	19.263677	2.256014
111	1089.744302	9.702644	18.129663	9.75571	16.979582	9.63033	19.282498	2.197356
111	1088.75989	12.704261	18.187155	12.76508	17.038589	12.624714	19.338281	2.142747
111	1087.775478	15.631557	18.279202	15.699923	17.132349	15.544943	19.428443	2.091714
112	1087.775478	-17.40282	16.072927	-17.421856	14.924108	-17.409152	17.227195	2.841192
112	1086.808566	-13.57342	15.729379	-13.582229	14.579662	-13.588958	16.884049	2.730761
112	1085.841655	-9.888695	15.455465	-9.887721	14.305273	-9.913086	16.610178	2.631958
112	1084.874743	-6.334063	15.243776	-6.323704	14.093482	-6.366993	16.398209	2.542846
112	1083.907832	-2.897295	15.088143	-2.877903	13.938081	-2.938481	16.242006	2.461911
112	1082.94092	0.431988	14.983367	0.460096	13.833836	0.382801	16.136397	2.387946
112	1081.974009	3.662679	14.925021	3.699215	13.776294	3.605723	16.07698	2.319979
112	1081.007097	6.802465	14.909302	6.847167	13.761626	6.737951	16.059971	2.257215
112	1080.040186	9.85804	14.932914	9.910668	13.786514	9.786161	16.082091	2.198995
112	1079.073274	12.835274	14.992978	12.895609	13.848064	12.756209	16.140481	2.144771
112	1078.106363	15.739346	15.086968	15.807183	13.943731	15.65326	16.232625	2.094079
113	1078.106363	-16.999012	12.895268	-17.01796	11.750058	-17.005403	14.045917	2.836232
113	1077.156489	-13.209341	12.562948	-13.218152	11.416886	-13.224855	13.713956	2.72721
113	1076.206616	-9.561333	12.298546	-9.560443	11.152041	-9.585627	13.449566	2.629556
113	1075.256742	-6.040848	12.094909	-6.030643	10.948321	-6.073614	13.245631	2.541395
113	1074.306869	-2.636002	11.946069	-2.616828	10.799721	-2.676963	13.096215	2.461255
113	1073.356995	0.663305	11.846991	0.691136	10.701174	0.614399	12.996307	2.387963
113	1072.407122	3.865738	11.793381	3.901942	10.648358	3.809114	12.941638	2.320572
113	1071.457248	6.978794	11.781546	7.023115	10.637556	6.914662	12.928532	2.258303
113	1070.507375	10.009014	11.808282	10.061214	10.665545	9.937565	12.953804	2.200516
113	1069.557502	12.962137	11.870788	13.021997	10.729508	12.883547	13.014668	2.146672
113	1068.607628	15.843229	11.966604	15.910547	10.826966	15.757661	13.108676	2.096317
114	1068.607628	-16.603056	9.789455	-16.62192	8.647836	-16.609499	10.936485	2.831254
114	1067.674346	-12.852459	9.467985	-12.861276	8.325557	-12.867945	10.615334	2.723618
114	1066.741065	-9.240595	9.212773	-9.239789	8.069929	-9.264789	10.360107	2.627096
114	1065.807783	-5.753747	9.016909	-5.743696	7.874	-5.786349	10.163931	2.539872
114	1064.874501	-2.380368	8.874622	-2.36141	7.73196	-2.421106	10.021063	2.460517
114	1063.941219	0.889371	8.781034	0.916929	7.6389	0.840742	9.92665	2.38789
114	1063.007937	4.063913	8.731978	4.099793	7.590628	4.007618	9.876547	2.321066
114	1062.074656	7.150575	8.723868	7.194521	7.583535	7.08682	9.867185	2.259288
114	1061.141374	10.155743	8.753587	10.207522	7.614486	10.084716	9.895466	2.201928
114	1060.208092	13.085028	8.818412	13.144423	7.680739	13.006904	9.95868	2.148459
114	1059.27481	15.943388	8.915945	16.010198	7.779882	15.85833	10.054442	2.098436
115	1059.27481	-16.214776	6.75331	-16.233562	5.615259	-16.221267	7.896733	2.826268
115	1058.357689	-12.502605	6.442323	-12.511429	5.303499	-12.518059	7.58603	2.719994
115	1057.440568	-8.926314	6.195987	-8.925592	5.056772	-8.950407	7.339657	2.624586
115	1056.523447	-5.472597	6.007629	-5.462697	4.868363	-5.505034	7.150973	2.538285
115	1055.606326	-2.130231	5.871664	-2.111486	4.73265	-2.170748	7.014424	2.459704
115	1054.689205	1.110347	5.783364	1.137638	4.644876	1.061993	6.925304	2.387733
115	1053.772084	4.257368	5.738688	4.292929	4.600974	4.201397	6.879594	2.32147
115	1052.854963	7.317969	5.73415	7.361549	4.597438	7.254584	6.873824	2.260177
115	1051.937842	10.298389	5.766721	10.349756	4.631219	10.227777	6.904981	2.203238
115	1051.020721	13.204113	5.833749	13.263052	4.699648	13.126447	6.970428	2.150138
115	1050.1036	16.039993	5.932898	16.106305	4.800378	15.955435	7.067841	2.100442
116	1050.1036	-15.833997	3.78473	-15.852707	2.650213	-15.84053	4.924568	2.821282
116	1049.202223	-12.159609	3.483869	-12.168442	2.348613	-12.17503	4.62396	2.716344
116	1048.300847	-8.618327	3.246107	-8.617687	2.110481	-8.642318	4.386139	2.622032
116	1047.39947	-5.197238	3.064995	-5.187486	1.92933	-5.229512	4.204692	2.53664
116	1046.498094	-1.885436	2.935128	-1.866898	1.799719	-1.925734	4.07424	2.458823
116	1045.596717	1.326389	2.851925	1.353417	1.717038	1.278305	3.990222	2.387499
116	1044.695341	4.446256	2.811461	4.481504	1.67734	4.390603	3.948737	2.32179
116	1043.793965	7.481131	2.810352	7.524351	1.677217	7.41811	3.946414	2.260975
116	1042.892588	10.437107	2.845648	10.48807	1.713704	10.366903	3.980322	2.204452
116	1041.991212	13.319548	2.91477	13.37804	1.784204	13.242332	4.047891	2.151718
116	1041.089835	16.133202	3.015441	16.199024	1.886427	16.049135	4.146859	2.102344
117	1041.089835	-15.460544	0.881682	-15.479179	-0.249336	-15.467116	2.017964	2.8163
117	1040.203801	-11.823305	0.590603	-11.832145	-0.541125	-11.838691	1.72711	2.712675
117	1039.317767	-8.316471	0.361121	-8.315911	-0.770958	-8.340361	1.497553	2.61944
117	1038.431733	-4.927513	0.187005	-4.917905	-0.945103	-4.959627	1.323094	2.534944
117	1037.545699	-1.645828	0.063022	-1.627493	-1.068827	-1.68591	1.198525	2.457879
117	1036.659666	1.537646	-0.01527	1.564417	-1.1466	1.489828	1.119425	2.387193
117	1035.773632	4.630726	-0.05168	4.665667	-1.182254	4.575385	1.082006	2.322031
117	1034.887598	7.640208	-0.049499	7.683074	-1.179101	7.577544	1.082991	2.261688
117	1034.001564	10.572044	-0.011595	10.622608	-1.140025	10.502239	1.11953	2.205576
117	1033.11553	13.431479	0.059519	13.48953	-1.067554	13.354705	1.189119	2.153202
117	1032.229496	16.223161	0.161625	16.288501	-0.963921	16.139575	1.289552	2.104146
118	1032.229496	-15.094241	-1.957792	-15.1128	-3.085349	-15.100849	-0.825031	2.811329
118	1031.358416	-11.493526	-2.239423	-11.502371	-3.367665	-11.508877	-1.106461	2.708992
118	1030.487337	-8.02059	-2.460907	-8.020105	-3.589483	-8.04438	-1.328034	2.616816
118	1029.616257	-4.66327	-2.628268	-4.653802	-3.756864	-4.695226	-1.495745	2.533201
118	1028.745177	-1.41126	-2.746574	-1.393123	-3.874909	-1.451131	-1.614636	2.456877
118	1027.874097	1.744263	-2.820132	1.770782	-3.947951	1.696705	-1.688995	2.386821
118	1027.003018	4.810917	-2.852641	4.845557	-3.979713	4.755884	-1.722501	2.322198
118	1026.131938	7.795337	-2.8473	7.837855	-3.973413	7.733023	-1.718338	2.262321
118	1025.260858	10.703336	-2.8069	10.753508	-3.931858	10.633924	-1.679283	2.206615
118	1024.389778	13.540043	-2.73389	13.597659	-3.857512	13.463702	-1.607771	2.154596
118	1023.518699	16.310007	-2.63043	16.374871	-3.752548	16.226894	-1.505955	2.105854
119	1023.518699	-14.734914	-4.735579	-14.753395	-5.859714	-14.741559	-3.606301	2.806373
119	1022.662198	-11.170109	-5.008084	-11.178955	-6.13288	-11.185426	-3.878625	2.705298
119	1021.805697	-7.730526	-5.221843	-7.730114	-6.346957	-7.75422	-4.092485	2.614163
119	1020.949196	-4.40436	-5.382681	-4.395028	-6.507808	-4.436162	-4.253678	2.531415
119	1020.092695	-1.181589	-5.495507	-1.163645	-6.620372	-1.221254	-4.367089	2.455821
119	1019.236194	1.946376	-5.564501	1.97265	-6.688854	1.899074	-4.436876	2.386386
119	1018.379693	4.986965	-5.593255	5.021309	-6.716868	4.932233	-4.466614	2.322296
119	1017.523192	7.94665	-5.584879	7.988826	-6.707545	7.884682	-4.459399	2.262879
119	1016.666691	10.831113	-5.542089	10.880897	-6.663616	10.762088	-4.417934	2.207572
119	1015.81019	13.645367	-5.467272	13.702554	-6.587481	13.569453	-4.344592	2.155904
119	1014.953689	16.393866	-5.362534	16.458259	-6.481261	16.31122	-4.241472	2.107471
120	1014.953689	-14.382392	-7.453497	-14.400792	-8.574245	-14.389074	-6.327661	2.801435
120	1014.111403	-10.852893	-7.717185	-10.861737	-8.838573	-10.868178	-6.591187	2.701599
120	1013.269118	-7.44613	-7.92348	-7.445784	-9.045173	-7.46973	-6.797594	2.611485
120	1012.426833	-4.150639	-8.078019	-4.141438	-9.199718	-4.182291	-6.952491	2.52959
120	1011.584548	-0.956677	-8.185557	-0.938922	-9.306992	-0.99614	-7.06061	2.454716
120	1010.742262	2.144121	-8.250149	2.170153	-9.371075	2.097069	-7.125989	2.385893
120	1009.899977	5.158998	-8.275285	5.193051	-9.39548	5.104562	-7.152098	2.322327
120	1009.057692	8.094273	-8.263992	8.13611	-9.38325	8.032644	-7.141951	2.263364
120	1008.215407	10.955496	-8.218913	11.004898	-9.337046	10.886852	-7.098177	2.208452
120	1007.373122	13.747572	-8.142373	13.804333	-9.259205	13.672079	-7.023091	2.15713
120	1006.530836	16.474858	-8.036428	16.538783	-9.151797	16.392672	-6.918738	2.109003
121	1006.530836	-14.036505	-10.113292	-14.054822	-11.230684	-14.043227	-8.990859	2.796516
121	1005.702416	-10.541721	-10.368461	-10.550558	-11.486474	-10.556978	-9.245882	2.697895
121	1004.873996	-7.167252	-10.567545	-7.166969	-11.685852	-7.190762	-9.445086	2.608786
121	1004.045575	-3.901968	-10.715998	-3.892892	-11.834304	-3.933474	-9.5939	2.52773
121	1003.217155	-0.736392	-10.81843	-0.71882	-11.936471	-0.775657	-9.696911	2.453563
121	1002.388734	2.337623	-10.878776	2.363417	-11.996312	2.290817	-9.758037	2.385343
121	1001.560314	5.327138	-10.900428	5.360904	-12.017239	5.272994	-9.780651	2.322296
121	1000.731893	8.238324	-10.88633	8.279827	-12.002214	8.17703	-9.767684	2.26378
121	999.903473	11.076603	-10.839057	11.125625	-11.953828	11.008334	-9.721698	2.209258
121	999.075052	13.846771	-10.760874	13.903108	-11.87436	13.771694	-9.644948	2.158278
121	998.246632	16.553093	-10.653787	16.616554	-11.765827	16.471362	-9.53943	2.110452
122	998.246632	-13.69709	-12.716643	-13.715318	-13.830707	-13.703853	-11.597576	2.79162
122	997.431737	-10.236439	-12.96358	-10.245265	-14.078248	-10.25167	-11.84438	2.69419
122	996.616842	-6.89375	-13.155696	-6.893525	-14.270646	-6.917173	-12.036624	2.606066
122	995.801946	-3.658211	-13.29827	-3.649256	-14.413213	-3.689575	-12.17956	2.525836
122	994.987051	-0.520604	-13.39577	-0.503212	-14.510447	-0.559676	-12.277637	2.452367
122	994.172156	2.527005	-13.452019	2.552566	-14.566194	2.48044	-12.334658	2.384741
122	993.357261	5.491504	-13.470313	5.524986	-14.583769	5.437647	-12.353904	2.322204
122	992.542366	8.378916	-13.453517	8.420088	-14.566055	8.317952	-12.338225	2.26413
122	991.72747	11.194541	-13.404139	11.243186	-14.515576	11.126644	-12.290118	2.209993
122	990.912575	13.943069	-13.324387	13.998986	-14.434553	13.868403	-12.211781	2.15935
122	990.09768	16.628676	-13.21622	16.691675	-14.324956	16.547396	-12.105161	2.111821
123	990.09768	-13.363984	-15.265165	-13.38212	-16.375925	-13.370791	-14.149429	2.786748
123	989.295981	-9.936898	-15.504146	-9.945708	-16.615492	-9.952107	-14.388289	2.690485
123	988.494283	-6.625483	-15.689526	-6.625311	-16.801144	-6.648824	-14.573803	2.60333
123	987.692584	-3.419236	-15.826417	-3.410398	-16.938023	-3.450463	-14.711058	2.523911
123	986.890886	-0.309191	-15.919155	-0.291973	-17.030493	-0.348074	-14.804369	2.451128
123	986.089187	2.712384	-15.971449	2.737717	-17.082287	2.666057	-14.857429	2.384088
123	985.287489	5.652207	-15.986505	5.685409	-17.09663	5.598632	-14.873427	2.322055
123	984.48579	8.516157	-15.967113	8.557	-17.076328	8.455519	-14.855139	2.264416
123	983.684092	11.309414	-15.915714	11.357685	-17.02384	11.241885	-14.804997	2.210659
123	982.882393	14.036567	-15.834465	14.092066	-16.941332	13.962309	-14.725144	2.160349
123	982.080695	16.701703	-15.725274	16.764242	-16.830726	16.62087	-14.617481	2.113113
124	982.080695	-13.037028	-17.760408	-13.05507	-18.867882	-13.043883	-16.647972	2.781899
124	981.291875	-9.642951	-17.991697	-9.651742	-19.099741	-9.658143	-16.879151	2.686782
124	980.503055	-6.362316	-18.170566	-6.362194	-19.278871	-6.385579	-17.058159	2.600578
124	979.714235	-3.184918	-18.301965	-3.176193	-19.410252	-3.216011	-17.189923	2.521957
124	978.925415	-0.102032	-18.390099	-0.084986	-19.498118	-0.14073	-17.278628	2.44985
124	978.136595	2.893875	-18.438575	2.91898	-19.546095	2.84778	-17.327863	2.383387
124	977.347776	5.809354	-18.450509	5.842278	-19.557321	5.756058	-17.34073	2.32185
124	976.558956	8.650149	-18.428616	8.690666	-19.534527	8.589833	-17.31993	2.264641
124	975.770136	11.421321	-18.375279	11.469219	-19.48011	11.354156	-17.267834	2.211259
124	974.981316	14.127359	-18.292597	14.182442	-19.396182	14.053507	-17.186533	2.161277
124	974.192496	16.772265	-18.182436	16.834346	-19.28462	16.691877	-17.077881	2.114331
125	974.192496	-12.716069	-20.203863	-12.734013	-21.308064	-12.722975	-19.094699	2.777076
125	973.416247	-9.354458	-20.427715	-9.363226	-21.532471	-9.369635	-19.318451	2.683081
125	972.639998	-6.104117	-20.600286	-6.104042	-21.705293	-6.127307	-19.491166	2.597811
125	971.863749	-2.955133	-20.726374	-2.946518	-21.831359	-2.986097	-19.617621	2.519974
125	971.0875	0.100987	-20.81006	0.117864	-21.914774	0.06247	-19.701875	2.448533
125	970.311251	3.071583	-20.854847	3.096465	-21.959065	3.025719	-19.747415	2.382639
125	969.535002	5.963048	-20.863769	5.995697	-21.967283	5.910028	-19.75726	2.321591
125	968.758753	8.780988	-20.839468	8.821181	-21.942088	8.720992	-19.734041	2.264807
125	967.982504	11.530353	-20.784267	11.577882	-21.885817	11.46355	-19.680069	2.211795
125	967.206255	14.215535	-20.700216	14.270204	-21.800531	14.142084	-19.597382	2.162137
125	966.430006	16.84045	-20.589134	16.902075	-21.688062	16.760503	-19.487792	2.115477
126	966.430006	-12.400958	-22.59696	-12.418802	-23.697899	-12.407917	-21.491045	2.772278
126	965.66603	-9.071279	-22.813619	-9.080023	-23.915098	-9.086445	-21.707614	2.679384
126	964.902054	-5.85076	-22.980099	-5.850729	-24.081819	-5.873879	-21.874243	2.59503
126	964.138077	-2.729764	-23.101051	-2.721256	-24.202743	-2.760602	-21.995562	2.517965
126	963.374101	0.299976	-23.180436	0.316687	-24.281856	0.261637	-22.075512	2.447179
126	962.610125	3.245614	-23.22166	3.270275	-24.322585	3.199976	-22.117483	2.381845
126	961.846149	6.113386	-23.227673	6.145762	-24.327899	6.060639	-22.124412	2.32128
126	961.082172	8.908769	-23.201052	8.94864	-24.300391	8.84909	-22.098862	2.264915
126	960.318196	11.6366	-23.14406	11.683761	-24.242338	11.570156	-22.043086	2.212268
126	959.55422	14.301178	-23.058697	14.355435	-24.155752	14.228127	-21.959073	2.162931
126	958.790243	16.906337	-22.94674	16.967509	-24.042423	16.826829	-21.848593	2.116553
127	958.790243	-12.091548	-24.941075	-12.109292	-26.038761	-12.098563	-23.838391	2.767504
127	958.038251	-8.793283	-25.150776	-8.802	-26.248986	-8.808441	-24.048009	2.675689
127	957.286259	-5.602122	-25.311362	-5.602133	-26.409804	-5.625174	-24.20875	2.592236
127	956.534266	-2.508696	-25.427345	-2.500293	-26.525753	-2.539411	-24.3251	2.51593
127	955.782274	0.495043	-25.502571	0.51159	-26.600705	0.456879	-24.400888	2.445789
127	955.030282	3.416066	-25.54035	3.440509	-26.637991	3.370652	-24.43941	2.381007
127	954.278289	6.260462	-25.543555	6.292567	-26.640501	6.207985	-24.443523	2.320919
127	953.526297	9.033578	-25.514697	9.07313	-26.610763	8.974213	-24.415725	2.264967
127	952.774305	11.740145	-25.455982	11.786941	-26.550996	11.674058	-24.358214	2.21268
127	952.022312	14.384368	-25.369362	14.438217	-26.463166	14.311715	-24.272931	2.163659
127	951.27032	16.970003	-25.256575	17.030725	-26.34902	16.890931	-24.161605	2.11756
