ORDER	Wavelength (nm)	X0	Y0	X1	Y1	X2	Y2	Sampling (pixels)	R
90	1355.161629	-22.228	24.356136	-22.271369	23.289982	-22.210618	25.42465	2.941453	100372
90	1353.664213	-17.334511	23.887489	-17.365283	22.819027	-17.328382	24.957707	2.789253	103103
90	1352.166797	-12.684419	23.520562	-12.703381	22.450581	-12.688919	24.59179	2.658006	102922
90	1350.66938	-8.245936	23.241299	-8.253743	22.17049	-8.26054	24.312925	2.543259	102742
90	1349.171964	-3.993759	23.038623	-3.990971	21.967595	-4.018019	24.110102	2.441771	102563
90	1347.674548	0.092624	22.90363	0.105525	21.832923	0.059098	23.974476	2.351118	102384
90	1346.177132	4.030108	22.829044	4.052697	21.759139	3.987658	23.89882	2.269446	102204
90	1344.679716	7.832787	22.808832	7.864691	21.740158	7.781715	23.877147	2.195308	102024
90	1343.1823	11.512554	22.837928	11.553438	21.770871	11.453128	23.904429	2.127553	101844
90	1341.684883	15.079536	22.912029	15.129103	21.846935	15.011997	23.9764	2.065253	101663
90	1340.187467	18.542427	23.027443	18.600409	21.964624	18.466989	24.089398	2.007649	102916
91	1340.187467	-21.743969	20.935249	-21.786829	19.871476	-21.727041	22.001488	2.93301	100405
91	1338.722781	-16.91626	20.48264	-16.946724	19.416666	-16.910403	21.550481	2.783421	103093
91	1337.258096	-12.325399	20.128807	-12.344217	19.061393	-12.33002	21.197587	2.654175	102914
91	1335.79341	-7.940815	19.860269	-7.948619	18.792078	-7.955411	20.929399	2.540996	102737
91	1334.328724	-3.738111	19.666372	-3.735442	18.597991	-3.762249	20.735328	2.440761	102559
91	1332.864038	0.302541	19.538532	0.315213	18.470483	0.269239	20.606847	2.351128	102382
91	1331.399353	4.197504	19.469723	4.219764	18.402469	4.155372	20.536976	2.270299	102205
91	1329.934667	7.960454	19.454108	7.991936	18.388067	7.909789	20.519922	2.196869	102026
91	1328.469981	11.602951	19.486781	11.643326	18.422324	11.544017	20.550815	2.129717	101847
91	1327.005295	15.134854	19.563568	15.183826	18.501033	15.06789	20.625516	2.067939	101668
91	1325.54061	18.564639	19.680887	18.621941	18.620575	18.489858	20.740473	2.010794	102910
92	1325.54061	-21.270891	17.603149	-21.313267	16.541876	-21.254394	18.666979	2.924598	100438
92	1324.107593	-16.507536	17.166032	-16.537705	16.102658	-16.501937	18.231372	2.777568	103084
92	1322.674576	-11.974692	16.824843	-11.993374	15.760098	-11.979425	17.891055	2.650287	102907
92	1321.241559	-7.64296	16.56665	-7.650764	15.501174	-7.657543	17.63317	2.538651	102731
92	1319.808542	-3.488813	16.381206	-3.486263	15.315567	-3.512828	17.44753	2.439651	102556
92	1318.375525	0.506914	16.260237	0.51936	15.194938	0.473836	17.325914	2.351022	102381
92	1316.942508	4.36007	16.196958	4.382008	15.132448	4.318254	17.261582	2.271023	102205
92	1315.509492	8.083927	16.18572	8.114996	15.122403	8.033663	17.248927	2.198288	102028
92	1314.076475	11.689718	16.221772	11.729594	15.160008	11.63127	17.283232	2.131729	101851
92	1312.643458	15.187042	16.301064	15.235431	15.241181	15.120644	17.360481	2.070463	101673
92	1311.210441	18.58416	16.42012	18.640799	15.362411	18.510026	17.477226	2.013766	102904
93	1311.210441	-20.808528	14.35689	-20.850441	13.298212	-20.792439	15.418201	2.916237	100469
93	1309.808077	-16.108112	13.934721	-16.138	12.874032	-16.102757	14.997456	2.771711	103075
93	1308.405713	-11.632082	13.605727	-11.650636	12.543732	-11.63692	14.669275	2.646358	102900
93	1307.003349	-7.352163	13.357504	-7.35997	12.294821	-7.36673	14.421321	2.536238	102726
93	1305.600984	-3.245665	13.180195	-3.243233	12.117372	-3.269555	14.243797	2.438451	102553
93	1304.19862	0.705939	13.065826	0.718163	12.003349	0.673082	14.128777	2.350811	102379
93	1302.796256	4.518001	13.007839	4.539621	11.946144	4.476496	14.069748	2.271629	102205
93	1301.393892	8.203398	13.000772	8.23406	11.940249	8.153531	14.061285	2.19958	102030
93	1299.991528	11.77305	13.040017	11.812435	11.981019	11.715078	14.098817	2.133602	101854
93	1298.589164	15.236299	13.121649	15.284118	12.064493	15.170457	14.178447	2.072837	101678
93	1297.1868	18.6012	13.242289	18.657188	12.187261	18.527699	14.296826	2.016578	102898
94	1297.1868	-20.356624	11.193606	-20.398093	10.137599	-20.340924	12.252307	2.907943	100500
94	1295.814115	-15.717754	10.785846	-15.747372	9.727911	-15.71263	11.845894	2.765865	103065
94	1294.441431	-11.297352	10.468606	-11.315782	9.409424	-11.302287	11.529413	2.6424	102893
94	1293.068747	-7.06822	10.229986	-7.076031	9.170154	-7.082766	11.291029	2.533767	102721
94	1291.696062	-3.008472	10.060505	-3.006157	9.000552	-3.032237	11.121315	2.437174	102549
94	1290.323378	0.899803	9.952471	0.911808	8.892871	0.867166	11.012628	2.350506	102377
94	1288.950693	4.671476	9.899551	4.692784	8.840725	4.630279	10.958677	2.272129	102205
94	1287.578009	8.319045	9.896458	8.349309	8.838785	8.269569	10.95421	2.200753	102032
94	1286.205324	11.853124	9.938725	11.892028	8.882548	11.795622	10.994796	2.135347	101858
94	1284.83264	15.282806	10.022544	15.330064	8.968172	15.21751	11.076653	2.075074	101683
94	1283.459955	18.615943	10.144633	18.671293	9.092344	18.543063	11.196529	2.019243	102893
95	1283.459955	-19.914917	8.110516	-19.955959	7.057239	-19.899586	9.166538	2.899729	100530
95	1282.116018	-15.336223	7.716637	-15.36558	6.661509	-15.331318	8.773935	2.760039	103056
95	1280.772081	-10.970282	7.41072	-10.988594	6.354399	-10.975306	8.468728	2.638423	102886
95	1279.428144	-6.790926	7.181347	-6.798743	6.12441	-6.805449	8.23956	2.531249	102716
95	1278.084207	-2.777043	7.019394	-2.774845	5.962355	-2.800683	8.077359	2.435828	102546
95	1276.74027	1.088686	6.917444	1.100475	5.860761	1.056267	7.974756	2.350116	102375
95	1275.396333	4.82067	6.869376	4.841671	5.813458	4.779777	7.925666	2.27253	102205
95	1274.052396	8.431037	6.87007	8.460908	5.815288	8.381945	7.925009	2.201816	102033
95	1272.708458	11.930105	6.915199	11.968536	5.861886	11.873065	7.968487	2.136973	101861
95	1271.364521	15.326726	7.001064	15.373434	5.94952	15.261966	8.052431	2.077183	101688
95	1270.020584	18.628553	7.124478	18.683278	6.074976	18.556283	8.173676	2.021772	102888
96	1270.020584	-19.483138	5.104935	-19.523769	4.054433	-19.468159	6.158222	2.891602	100559
96	1268.704501	-14.963278	4.72442	-14.992384	3.672139	-14.958581	5.778919	2.754243	103047
96	1267.388417	-10.650654	4.429409	-10.668853	3.375983	-10.655762	5.484572	2.634434	102878
96	1266.072334	-6.520083	4.208937	-6.527908	3.154928	-6.534579	5.264278	2.528691	102710
96	1264.75625	-2.551194	4.054225	-2.549112	3.000129	-2.574709	5.109305	2.434421	102542
96	1263.440167	1.272761	3.958115	1.284338	2.904379	1.240559	5.012543	2.349649	102374
96	1262.124083	4.965745	3.914692	4.986443	2.861714	4.925152	4.96811	2.27284	102204
96	1260.808	8.539529	3.918999	8.569014	2.867139	8.490816	4.971087	2.202779	102035
96	1259.491916	12.004144	3.966839	12.04211	2.916421	11.947559	5.017306	2.138488	101864
96	1258.175833	15.368208	4.054622	15.414375	3.00594	15.303975	5.103204	2.079172	101693
96	1256.859749	18.639179	4.179248	18.69329	3.132568	18.567507	5.225706	2.024173	102882
97	1256.859749	-19.061017	2.174268	-19.10125	1.126577	-19.046374	3.22478	2.88357	100588
97	1255.570662	-14.59868	1.80662	-14.627544	0.757214	-14.594181	2.858284	2.748482	103038
97	1254.281575	-10.338253	1.522108	-10.356345	0.471604	-10.343439	2.574395	2.630441	102871
97	1252.992488	-6.255496	1.310204	-6.26333	0.259146	-6.269962	2.362644	2.526099	102705
97	1251.703401	-2.330747	1.162455	-2.328779	0.111326	-2.354135	2.214624	2.432958	102539
97	1250.414314	1.452194	1.071954	1.463559	0.021187	1.420205	2.12347	2.34911	102372
97	1249.125228	5.106856	1.03298	5.127255	-0.017036	5.066559	2.083499	2.273067	102204
97	1247.836141	8.644668	1.040734	8.673772	-0.008182	8.596329	2.089944	2.203647	102036
97	1246.547054	12.075382	1.091144	12.112889	0.043646	12.019244	2.138762	2.1399	101867
97	1245.257967	15.407387	1.180724	15.453021	0.13493	15.343673	2.226492	2.081049	101697
97	1243.96888	18.647956	1.306461	18.701462	0.262632	18.576872	2.350146	2.026454	102878
98	1243.96888	-18.648284	-0.683978	-18.688134	-1.728831	-18.633964	0.363727	2.875635	100615
98	1242.705967	-14.242192	-1.039242	-14.270823	-2.085749	-14.237883	0.00956	2.742763	103030
98	1241.443055	-10.032869	-1.313647	-10.050857	-2.361209	-10.038128	-0.264258	2.626448	102865
98	1240.180142	-5.996974	-1.517304	-6.00482	-2.565393	-6.011409	-0.467785	2.523479	102700
98	1238.91723	-2.115528	-1.658356	-2.113675	-2.706503	-2.13879	-0.609118	2.431447	102535
98	1237.654317	1.627142	-1.743471	1.638299	-2.791254	1.595367	-0.694884	2.348506	102370
98	1236.391404	5.24415	-1.778182	5.264254	-2.825221	5.204146	-0.73058	2.273215	102204
98	1235.128492	8.746591	-1.767138	8.775318	-2.813093	8.698621	-0.720826	2.204426	102037
98	1233.865579	12.143948	-1.714289	12.181002	-2.75885	12.088251	-0.669543	2.141214	101870
98	1232.602667	15.444389	-1.623023	15.489497	-2.665909	15.381186	-0.580092	2.082821	101702
98	1231.339754	18.655003	-1.49627	18.707913	-2.537225	18.584498	-0.455382	2.028622	102873
99	1231.339754	-18.244676	-3.472203	-18.284153	-4.514196	-18.230664	-2.427328	2.867802	100642
99	1230.102227	-13.893584	-3.815549	-13.921987	-4.859139	-13.889454	-2.769627	2.737087	103021
99	1228.864699	-9.734296	-4.080222	-9.752184	-5.124828	-9.739622	-3.033748	2.62246	102858
99	1227.627172	-5.744334	-4.275942	-5.752193	-5.321049	-5.758734	-3.229358	2.520835	102695
99	1226.389645	-1.905371	-4.410553	-1.903633	-5.455705	-1.928507	-3.364259	2.42989	102532
99	1225.152117	1.797758	-4.490495	1.808707	-5.53528	1.766193	-3.444849	2.347841	102368
99	1223.91459	5.377766	-4.521119	5.397576	-5.565169	5.338053	-3.476448	2.273289	102204
99	1222.677062	8.845427	-4.506934	8.873781	-5.549913	8.797822	-3.463533	2.205121	102038
99	1221.439535	12.209963	-4.45177	12.246569	-5.493378	12.154702	-3.409909	2.142435	101873
99	1220.202008	15.479328	-4.358921	15.523915	-5.398882	15.416629	-3.318843	2.084493	101706
99	1218.96448	18.660432	-4.231235	18.712751	-5.269299	18.590497	-3.193163	2.030683	102868
100	1218.96448	-17.849929	-6.192711	-17.889045	-7.231825	-17.836213	-5.150682	2.860072	100669
100	1217.75158	-13.552625	-6.524586	-13.580809	-7.565244	-13.548668	-5.481557	2.731458	103012
100	1216.53868	-9.442333	-6.779891	-9.460126	-7.821527	-9.447721	-5.736341	2.61848	102851
100	1215.32578	-5.497397	-6.967969	-5.505271	-8.010083	-5.51176	-5.924329	2.518171	102690
100	1214.11288	-1.700116	-7.096385	-1.698493	-8.138531	-1.723125	-6.053041	2.428292	102528
100	1212.89998	1.964185	-7.171356	1.974928	-8.213133	1.932832	-6.128659	2.347119	102366
100	1211.68708	5.507835	-7.198063	5.527355	-8.239112	5.46841	-6.15633	2.273295	102203
100	1210.47418	8.941298	-7.180876	8.969282	-8.220869	8.894054	-6.140395	2.205737	102040
100	1209.26128	12.27354	-7.123514	12.309701	-8.162155	12.21871	-6.084547	2.143569	101875
100	1208.04838	15.512308	-7.029177	15.55638	-8.066197	15.450107	-5.991963	2.08607	101710
100	1206.83548	18.664341	-6.900637	18.716077	-7.935791	18.594969	-5.865394	2.032643	102864
101	1206.83548	-17.463788	-8.847712	-17.502553	-9.88393	-17.450358	-7.808543	2.852444	100694
101	1205.64648	-13.219094	-9.168547	-13.247066	-10.206258	-13.215302	-8.12842	2.725878	103004
101	1204.457479	-9.156785	-9.414831	-9.174487	-10.453485	-9.16223	-8.374213	2.61451	102844
101	1203.268479	-5.255989	-9.595554	-5.263881	-10.634664	-5.270313	-8.554863	2.51549	102685
101	1202.079479	-1.499609	-9.718008	-1.498102	-10.757138	-1.52249	-8.67762	2.426657	102525
101	1200.890478	2.126564	-9.788202	2.1371	-10.826962	2.09542	-8.748459	2.346344	102364
101	1199.701478	5.634484	-9.811153	5.653714	-10.84919	5.595345	-8.772363	2.273235	102203
101	1198.512477	9.034316	-9.791096	9.061932	-10.828091	8.98743	-8.753541	2.206278	102041
101	1197.323477	12.334782	-9.731645	12.370502	-10.767307	12.280379	-8.69558	2.14462	101878
101	1196.134476	15.543427	-9.635908	15.586987	-10.669975	15.481719	-8.601569	2.087557	101714
101	1194.945476	18.666821	-9.506586	18.717978	-10.538815	18.598005	-8.474183	2.034506	102859
102	1194.945476	-17.086002	-11.439327	-17.124427	-12.472632	-17.072846	-10.403027	2.84492	100719
102	1193.779675	-12.892775	-11.749534	-12.920541	-12.784284	-12.88914	-10.712317	2.720348	102996
102	1192.613875	-8.877463	-11.987132	-8.895078	-13.022792	-8.88296	-10.949452	2.610553	102838
102	1191.448074	-5.019945	-12.160772	-5.027857	-13.196867	-5.034227	-11.123034	2.512794	102680
102	1190.282274	-1.303702	-12.277489	-1.302312	-13.313593	-1.326454	-11.240061	2.424987	102521
102	1189.116473	2.285025	-12.343092	2.295355	-13.378824	2.25409	-11.306306	2.345519	102362
102	1187.950673	5.75783	-12.362438	5.776772	-13.397453	5.718977	-11.326596	2.273113	102202
102	1186.784872	9.12459	-12.339638	9.15184	-13.373622	9.07806	-11.305013	2.206747	102042
102	1185.619072	12.393788	-12.278199	12.429069	-13.310869	12.339808	-11.245043	2.14559	101880
102	1184.453272	15.572774	-12.181146	15.615827	-13.212243	15.511554	-11.149687	2.088956	101718
102	1183.287471	18.667955	-12.051105	18.718538	-13.080393	18.599689	-11.021553	2.036275	102855
103	1183.287471	-16.716328	-13.969587	-16.754422	-14.999962	-16.703436	-12.936167	2.837497	100743
103	1182.144198	-12.573457	-14.269563	-12.601024	-15.301338	-12.569971	-13.235263	2.714868	102988
103	1181.000925	-8.604182	-14.498795	-8.621715	-15.531449	-8.609727	-13.464057	2.60661	102831
103	1179.857652	-4.789103	-14.665614	-4.797038	-15.698682	-4.803339	-13.630833	2.510085	102675
103	1178.714379	-1.112252	-14.776809	-1.110981	-15.809875	-1.134873	-13.742343	2.423285	102518
103	1177.571106	2.439695	-14.837997	2.449819	-15.870689	2.408971	-13.804171	2.344646	102360
103	1176.427834	5.877988	-14.853884	5.896641	-15.885865	5.839418	-13.820993	2.272932	102202
103	1175.284561	9.21222	-14.828458	9.239106	-15.85942	9.166044	-13.796769	2.207148	102043
103	1174.141288	12.450649	-14.765127	12.485493	-15.794793	12.397089	-13.734886	2.146484	101883
103	1172.998015	15.600432	-14.666834	15.642979	-15.694948	15.539695	-13.638264	2.090272	101722
103	1171.854742	18.667818	-14.536136	18.71783	-15.562467	18.600098	-13.509442	2.037955	102851
104	1171.854742	-16.354528	-16.440441	-16.392302	-17.467867	-16.341891	-15.409908	2.830174	100767
104	1170.73335	-12.260935	-16.730564	-12.28831	-17.759348	-12.257592	-15.699187	2.709439	102980
104	1169.611958	-8.336766	-16.951739	-8.354221	-17.981371	-8.342353	-15.919947	2.602681	102825
104	1168.490566	-4.563307	-17.111987	-4.571269	-18.142014	-4.577495	-16.080167	2.507366	102670
104	1167.369173	-0.925122	-17.217864	-0.923971	-18.247881	-0.94761	-16.186366	2.421552	102514
104	1166.247781	2.590696	-17.274806	2.600613	-18.304446	2.560182	-16.243944	2.343728	102358
104	1165.126389	5.995063	-17.287372	6.013428	-18.316306	5.956777	-16.257436	2.272693	102201
104	1164.004997	9.297303	-17.259433	9.323825	-18.287359	9.251479	-16.230684	2.207482	102044
104	1162.883605	12.505449	-17.194301	12.539858	-18.220946	12.452307	-16.16698	2.147304	101885
104	1161.762213	15.626477	-17.094838	15.668521	-18.119954	15.566221	-16.069164	2.091508	101726
104	1160.640821	18.666479	-16.963537	18.715924	-17.986894	18.5993	-15.939711	2.039549	102846
105	1160.640821	-16.000373	-18.853753	-16.037837	-19.878212	-15.98798	-17.826117	2.82295	100789
105	1159.540687	-11.955011	-19.134388	-11.982202	-20.160164	-11.951804	-18.105942	2.704059	102972
105	1158.440554	-8.075041	-19.347799	-8.092425	-20.374394	-8.080666	-18.31896	2.598768	102819
105	1157.34042	-4.342408	-19.501717	-4.350399	-20.528689	-4.356543	-18.472863	2.504636	102665
105	1156.240287	-0.742181	-19.602474	-0.741153	-20.629426	-0.764535	-18.573946	2.41979	102511
105	1155.140154	2.738143	-19.65533	2.747851	-20.681904	2.70784	-18.627437	2.342767	102356
105	1154.04002	6.109158	-19.664706	6.127235	-20.690578	6.071155	-18.63773	2.2724	102201
105	1152.939887	9.379928	-19.634359	9.406087	-20.659234	9.334455	-18.608557	2.207752	102044
105	1151.839753	12.558269	-19.567511	12.592245	-20.591121	12.505543	-18.543117	2.148052	101888
105	1150.73962	15.650979	-19.466945	15.692524	-20.489045	15.591201	-18.444175	2.092666	101730
105	1149.639486	18.664001	-19.33509	18.712883	-20.355455	18.59736	-18.314142	2.04106	102842
106	1149.639486	-15.653639	-21.211312	-15.690802	-22.232784	-15.641481	-20.186583	2.815822	100812
106	1148.560012	-11.655494	-21.482807	-11.682508	-22.505557	-11.652416	-20.457299	2.698729	102965
106	1147.480539	-7.818844	-21.688736	-7.836161	-22.712278	-7.824501	-20.662858	2.594871	102813
106	1146.401065	-4.126259	-21.836553	-4.134284	-22.860455	-4.14034	-20.810672	2.501897	102661
106	1145.321591	-0.563302	-21.932378	-0.562399	-22.95625	-0.585519	-20.906827	2.418001	102508
106	1144.242118	2.882147	-21.981302	2.891645	-23.004794	2.852057	-20.956384	2.341763	102354
106	1143.162644	6.220371	-21.987613	6.238159	-23.010407	6.182652	-20.963603	2.272054	102200
106	1142.08317	9.46018	-21.954959	9.485977	-22.976767	9.415058	-20.93211	2.20796	102045
106	1141.003697	12.609184	-21.886473	12.642728	-22.907031	12.556872	-20.865015	2.148732	101890
106	1139.924223	15.674006	-21.784867	15.715052	-22.803933	15.614702	-20.76501	2.093748	101733
106	1138.844749	18.660443	-21.652505	18.708764	-22.669858	18.594335	-20.634443	2.04249	102838
107	1138.844749	-15.314109	-23.51483	-15.350982	-24.533294	-15.302177	-22.493019	2.808787	100834
107	1137.785359	-11.362198	-23.777519	-11.389042	-24.797224	-11.359242	-22.754959	2.693447	102957
107	1136.725968	-7.568011	-23.976237	-7.585268	-24.996708	-7.573696	-22.953326	2.590989	102807
107	1135.666578	-3.914724	-24.118174	-3.922786	-25.138987	-3.928745	-23.095272	2.49915	102656
107	1134.607187	-0.388364	-24.209245	-0.387589	-25.230021	-0.410442	-23.186678	2.416185	102505
107	1133.547797	3.022814	-24.254384	3.0321	-25.274777	2.992937	-23.232447	2.34072	102353
107	1132.488406	6.328793	-24.257748	6.346292	-25.277448	6.291358	-23.236712	2.271657	102200
107	1131.429016	9.53814	-24.222883	9.563575	-25.241606	9.493369	-23.202994	2.208109	102046
107	1130.369625	12.658264	-24.152834	12.691377	-25.170322	12.606365	-23.134319	2.149344	101892
107	1129.310235	15.695617	-24.050243	15.736168	-25.066258	15.636786	-23.033309	2.094758	101737
107	1128.250845	18.655857	-23.917415	18.703621	-24.931739	18.59028	-22.902252	2.043841	102834
108	1128.250845	-14.981574	-25.765947	-15.018168	-26.781382	-14.969858	-24.747066	2.801843	100855
108	1127.210982	-11.074943	-26.02015	-11.101626	-27.03679	-11.072102	-25.000548	2.688212	102950
108	1126.171119	-7.32239	-26.211915	-7.339591	-27.229297	-7.328097	-25.191982	2.587122	102801
108	1125.131257	-3.707666	-26.348183	-3.71577	-27.365891	-3.721624	-25.32827	2.496395	102652
108	1124.091394	-0.21725	-26.434674	-0.216607	-27.452335	-0.239186	-25.415099	2.414344	102501
108	1123.051532	3.160244	-26.476166	3.169317	-27.493444	3.130583	-25.45722	2.339637	102351
108	1122.011669	6.434513	-26.476697	6.451722	-27.493286	6.397362	-25.458643	2.27121	102199
108	1120.971807	9.613885	-26.439709	9.638958	-27.455331	9.569463	-25.422791	2.208198	102047
108	1119.931944	12.705574	-26.368169	12.738258	-27.382568	12.654086	-25.352607	2.149891	101894
108	1118.892082	15.71587	-26.264647	15.755928	-27.277591	15.65751	-25.250646	2.095695	101741
108	1117.852219	18.650292	-26.131391	18.697503	-27.142666	18.585243	-25.119138	2.045116	102830
