68.000000	1796.843938	-30.215649	28.345753	-30.163760	29.828414	-30.311143	26.870958	4.183876	3.006509400	80535	112072
68.000000	1790.286113	-11.769650	26.471817	-11.758981	27.946192	-11.815820	25.002424	3.385932	2.466953570	89715	123136
68.000000	1783.728288	3.688313	25.858331	3.664622	27.325900	3.681940	24.393789	2.929067	2.092718118	89264	124939
68.000000	1777.170464	17.301237	26.037737	17.246655	27.499166	17.329655	24.578100	2.628626	1.860495127	88781	125436
68.000000	1770.612639	29.646490	26.788018	29.563877	28.243719	29.705752	25.333322	2.415881	1.812452544	91981	122604
69.000000	1770.612639	-29.198979	23.572822	-29.146097	25.040347	-29.295404	22.112922	4.139117	2.952678640	80803	113271
69.000000	1764.243529	-11.152889	21.834487	-11.140912	23.294405	-11.200262	20.379042	3.370179	2.448489857	89719	123492
69.000000	1757.874419	4.036170	21.277792	4.013157	22.731555	4.029169	19.826510	2.924056	2.080398353	89270	125471
69.000000	1751.505309	17.441572	21.472939	17.387030	22.920803	17.469946	20.026358	2.628154	1.865763452	88791	125073
69.000000	1745.136198	29.612223	22.212223	29.529113	23.654279	29.671975	20.770754	2.417219	1.798481485	91972	123614
70.000000	1745.136198	-28.228969	18.989760	-28.174875	20.443543	-28.326399	17.543158	4.097870	2.939210340	81058	113012
70.000000	1738.947772	-10.560560	17.373137	-10.547456	18.820291	-10.608913	15.929916	3.355811	2.422381096	89722	124295
70.000000	1732.759346	4.371898	16.867689	4.349447	18.309328	4.364390	15.428001	2.919741	2.085933863	89275	124961
70.000000	1726.570920	17.578337	17.077140	17.523837	18.513097	17.606652	15.641977	2.628162	1.879990009	88801	124141
70.000000	1720.382493	29.581510	17.806585	29.497980	19.236633	29.641639	16.376696	2.419026	1.803758286	91962	123331
71.000000	1720.382493	-27.301459	14.581987	-27.246178	16.023471	-27.399788	13.147159	4.059846	2.921802099	81299	112965
71.000000	1714.367170	-9.990593	13.075072	-9.976568	14.510953	-10.039705	11.642609	3.342663	2.404112622	89725	124752
71.000000	1708.351847	4.696405	12.616111	4.674408	14.047054	4.688495	11.186649	2.916018	2.097245106	89281	124136
71.000000	1702.336523	17.711636	12.838609	17.657190	14.264060	17.739868	11.413522	2.628568	1.914695447	88811	121923
71.000000	1696.321200	29.553777	13.559161	29.469925	14.978610	29.614162	12.139478	2.421216	1.824288510	91951	122038
72.000000	1696.321200	-26.412766	10.336706	-26.356445	11.767244	-26.511810	8.912289	4.024733	2.896563205	81525	113278
72.000000	1690.471816	-9.441204	8.929178	-9.426457	10.355056	-9.490875	7.506261	3.330584	2.394067096	89727	124826
72.000000	1684.622433	5.010472	8.512618	4.988838	9.934048	5.002246	7.092277	2.912797	2.129036375	89286	122155
72.000000	1678.773049	17.841573	8.747053	17.787199	10.163155	17.869696	7.330958	2.629301	1.957393996	88821	119310
72.000000	1672.923666	29.528549	9.459470	29.444477	10.869503	29.589077	8.048868	2.423722	1.863372906	91938	119585
73.000000	1672.923666	-25.559667	6.242668	-25.502498	7.663462	-25.659223	4.827488	3.992231	2.861974304	81738	114018
73.000000	1667.233449	-8.910858	4.925658	-8.895565	6.342594	-8.960920	3.511294	3.319445	2.394323922	89728	124398
73.000000	1661.543233	5.314777	4.547980	5.293431	5.960863	5.306302	3.135869	2.910007	2.165023171	89292	120017
73.000000	1655.853016	17.968250	4.793364	17.913969	6.201063	17.996241	3.385391	2.630308	2.005496000	88831	116506
73.000000	1650.162800	29.505441	5.498248	29.421242	6.899845	29.566016	4.095812	2.426488	1.895699362	91924	117662
74.000000	1650.162800	-24.739358	2.289936	-24.681538	3.702029	-24.839235	0.882996	3.962064	2.841029688	81938	114270
74.000000	1644.625341	-8.398228	1.055809	-8.382537	2.464680	-8.448547	-0.350817	3.309136	2.397378595	89730	123855
74.000000	1639.087882	5.609911	0.713964	5.588793	2.119088	5.601236	-0.690637	2.907590	2.196751245	89297	118192
74.000000	1633.550423	18.091773	0.969413	18.037603	2.369480	18.119611	-0.431144	2.631545	2.073319369	88840	112760
74.000000	1628.012964	29.484147	1.667236	29.399901	3.061202	29.544689	0.272217	2.429470	1.920312508	91909	116278
75.000000	1628.012964	-23.949396	-1.530322	-23.891107	-0.126039	-24.049428	-2.929864	3.933985	2.820184457	82126	114561
75.000000	1622.622192	-7.902161	-2.688172	-7.886193	-1.286636	-7.952637	-4.087734	3.299564	2.398689813	89731	123431
75.000000	1617.231421	5.896394	-2.996841	5.875460	-1.598827	5.887556	-4.394526	2.905497	2.225599062	89302	116582
75.000000	1611.840649	18.212250	-2.732123	18.158206	-1.339053	18.239920	-4.125847	2.632977	2.102691756	88850	111257
75.000000	1606.449878	29.464424	-2.040997	29.380194	-0.653991	29.524873	-3.429221	2.432635	1.953011369	91893	114461
76.000000	1606.449878	-23.187650	-5.226018	-23.129048	-3.828783	-23.287701	-6.618877	3.907776	2.794089834	82304	115110
76.000000	1601.200042	-7.421652	-6.313337	-7.405496	-4.918521	-7.472210	-7.706405	3.290649	2.395657200	89732	123254
76.000000	1595.950206	6.174690	-6.591161	6.153906	-5.199712	6.165712	-7.982432	2.903690	2.243330634	89306	115595
76.000000	1590.700369	18.329789	-6.317896	18.275882	-4.931290	18.357281	-7.705282	2.634579	2.126605785	88859	110084
76.000000	1585.450533	29.446081	-5.633188	29.361915	-4.252575	29.506397	-7.015147	2.435953	1.966653522	91877	113801
77.000000	1585.450533	-22.452251	-8.804290	-22.393462	-7.413447	-22.552215	-10.191079	3.883248	2.773696957	82472	115463
77.000000	1580.336177	-6.955813	-9.826109	-6.939535	-8.437484	-7.006402	-11.213180	3.282327	2.389528857	89732	123259
77.000000	1575.221820	6.445212	-10.075148	6.424555	-8.689793	6.436111	-11.460449	2.902141	2.251075918	89311	115142
77.000000	1570.107463	18.444500	-9.793996	18.390735	-8.413391	18.471810	-11.175482	2.636330	2.130984437	88868	109942
77.000000	1564.993107	29.428972	-9.115494	29.344901	-7.740784	29.489129	-10.491654	2.439405	1.967684260	91860	113882
78.000000	1564.993107	-21.741548	-12.271623	-21.682673	-10.886600	-21.841345	-13.652877	3.860238	2.754765485	82631	115791
78.000000	1560.009052	-6.503852	-13.232378	-6.487500	-11.849476	-6.554441	-14.613897	3.274542	2.374518269	89733	123744
78.000000	1555.024998	6.708338	-13.454468	6.687792	-12.074787	6.699125	-14.834205	2.900824	2.229827180	89315	116192
78.000000	1550.040943	18.556494	-13.166034	18.502872	-11.791015	18.583622	-14.542022	2.638214	2.119480992	88876	110629
78.000000	1545.056889	29.412983	-12.493577	29.329024	-11.124332	29.472970	-13.864361	2.442972	1.947011017	91842	115237
79.000000	1545.056889	-21.054076	-15.633949	-20.995191	-14.254239	-21.153644	-17.010142	3.838602	2.732717926	82782	116282
79.000000	1540.198220	-6.065061	-16.537582	-6.048666	-15.159977	-6.115630	-17.913959	3.267248	2.355252131	89733	124479
79.000000	1535.339550	6.964411	-16.734369	6.943963	-15.359972	6.955094	-18.108926	2.899722	2.200287260	89319	117712
79.000000	1530.480881	18.665879	-16.439211	18.612395	-15.069391	18.692831	-17.810080	2.640220	2.079950360	88885	112827
79.000000	1525.622211	29.398028	-15.772679	29.314187	-14.408494	29.457842	-17.138481	2.446643	1.930746405	91824	116359
80.000000	1525.622211	-20.388519	-18.896723	-20.329683	-17.521868	-20.487812	-20.268280	3.818217	2.707214017	82925	116957
80.000000	1520.884254	-5.638797	-19.746762	-5.622377	-18.374055	-5.689333	-21.118385	3.260409	2.329406327	89733	125597
80.000000	1516.146297	7.213750	-19.919737	7.193391	-18.550250	7.204334	-21.289483	2.898820	2.156503940	89323	120070
80.000000	1511.408340	18.772764	-19.618367	18.719410	-18.253377	18.799548	-20.984486	2.642339	2.038605153	88892	115218
80.000000	1506.670382	29.384041	-18.957669	29.300313	-17.598161	29.443686	-20.318865	2.450406	1.903298024	91805	118194
81.000000	1506.670382	-19.743692	-22.064985	-19.684950	-20.694566	-19.842672	-23.432293	3.798976	2.687847311	83062	117399
81.000000	1502.048694	-5.224471	-22.864615	-5.208040	-21.496425	-5.274967	-24.231853	3.253990	2.317351697	89733	126002
81.000000	1497.427006	7.456647	-23.015134	7.436370	-21.650192	7.447138	-24.380431	2.898105	2.121011005	89327	122054
81.000000	1492.805318	18.877253	-22.708028	18.824018	-21.347506	18.903880	-24.069755	2.644563	1.990254160	88900	118126
81.000000	1488.183629	29.370969	-22.053093	29.287344	-20.697893	29.430455	-23.410042	2.454253	1.870370320	91786	120439
82.000000	1488.183629	-19.118517	-25.143412	-19.059905	-23.777042	-19.217148	-26.506823	3.780785	2.671489742	83193	117737
82.000000	1483.673982	-4.821542	-25.895526	-4.805107	-24.531485	-4.871991	-27.258733	3.247965	2.299885248	89733	126724
82.000000	1479.164335	7.693380	-26.024834	7.673178	-24.664078	7.683784	-27.386036	2.897567	2.095369456	89330	123530
82.000000	1474.654687	18.979450	-25.712435	18.926320	-24.356022	19.005932	-27.070122	2.646887	1.954462617	88907	120405
82.000000	1470.145040	29.358774	-25.063202	29.275237	-23.711952	29.418108	-26.416251	2.458176	1.843715909	91766	122349
83.000000	1470.145040	-18.512005	-28.136357	-18.453556	-26.773677	-18.610251	-29.496186	3.763564	2.659861390	83317	117890
83.000000	1465.743408	-4.429506	-28.843606	-4.413074	-27.483355	-4.479899	-30.203118	3.242309	2.288611031	89733	127126
83.000000	1461.341776	7.924207	-28.952851	7.904072	-27.595924	7.914531	-30.310302	2.897200	2.072360548	89334	124890
83.000000	1456.940144	19.079453	-28.635567	19.026413	-27.282912	19.105801	-29.989555	2.649306	1.937550733	88914	121576
83.000000	1452.538512	29.347420	-27.991986	29.263956	-26.644335	29.406610	-29.341464	2.462169	1.834890215	91746	123111
